TRIP
DATE 1970-01-01

DECLINATION	0.00
DATA
1	2	4.768	145.51	+24.12		;  {from: 4.767 145.51 +24.15, 4.768 145.51 +24.14, 4.769 145.50 +24.07}
2		1.730	267.20	+10.61	
2		1.869	265.19	+32.95	
2		1.084	14.90	+83.98	
2		0.507	67.22	+59.44	
2		2.200	262.12	+70.94	
2		0.857	246.30	-40.96	
2	3	1.996	203.10	+11.38		;  {from: 1.995 203.08 +11.25, 1.995 203.09 +11.42, 1.996 203.12 +11.46}
3		0.495	56.80	+75.75	
3		1.013	68.39	+11.06	
3		0.934	67.78	-34.78	
3		0.573	78.29	-66.37	
3	4	1.495	164.28	+5.74		;  {from: 1.484 164.30 +5.65, 1.499 164.22 +5.72, 1.501 164.32 +5.86}
4		1.041	79.89	-0.92	
4		0.996	91.61	+31.08	
4		0.551	103.10	+54.77	
4		0.232	237.63	+79.64	
4		0.749	74.96	-52.59	
4	5	2.830	141.46	+12.39		;  {from: 2.838 141.66 +12.85, 2.834 141.38 +12.20, 2.818 141.35 +12.11}
5		1.269	264.52	-0.08	
5		1.094	270.18	+38.13	
5		0.785	301.39	+68.15	
5		0.375	74.16	+66.32	
5		1.437	265.77	-62.84	
5		2.789	328.39	+15.59	
5		2.117	305.21	+7.62	
5		2.237	326.47	+8.89	
5		1.036	248.38	+39.56	
5		1.412	209.68	+1.06	
5		2.140	190.91	-1.95	
5		1.522	186.23	+16.64	
5		1.737	166.14	+14.58	
5		0.370	166.49	+2.32	
5		0.661	149.02	+43.80	
5		1.133	218.98	-6.68	
5	6	1.135	216.33	-7.25		;  {from: 1.136 216.42 -7.14, 1.130 216.45 -7.20, 1.138 216.13 -7.41}
6		0.977	87.78	-12.70	
6		1.607	121.17	-16.18	
6		1.705	129.76	-34.44	
6		1.185	119.52	+34.24	
6		4.246	118.95	+5.00	
6		2.391	140.20	+8.38	
6		4.249	108.23	+4.92	
6	7	4.402	131.70	+3.34		;  {from: 4.392 131.66 +3.32, 4.412 131.70 +3.37, 4.402 131.75 +3.32}
7		3.837	341.34	+0.83	
7		3.507	346.92	+3.80	
7		3.507	346.92	+3.80	
7		3.041	281.17	-4.56	
7		2.331	259.28	-6.81	
7		2.546	332.34	+6.05	
7		1.538	328.70	+27.93	
7		1.575	330.77	+29.22	
7		0.995	302.24	+59.18	
7		1.111	323.99	-26.28	
7		1.154	22.72	+39.82	
7		0.663	94.30	+52.29	
7		0.978	148.38	+27.04	
7		1.165	232.65	+14.52	
7		1.190	285.62	+15.13	
7		2.305	182.20	-5.35	
7		1.831	190.23	+12.40	
7		1.403	215.70	+20.07	
7		0.972	183.08	+32.64	
7	8	3.091	198.29	-8.97		;  {from: 3.089 198.28 -8.99, 3.088 198.25 -8.99, 3.095 198.33 -8.92}
8		2.941	13.19	+1.50	
8		1.940	13.26	-10.80	
8		1.122	10.70	-54.66	
8		0.537	69.80	+72.27	
8		0.756	91.15	-0.19	
8		0.764	65.44	-1.24	
8		0.240	284.03	+56.95	
8		0.378	180.67	+18.40	
8		1.091	120.99	-37.95	
8		0.923	130.23	+6.88	
8		1.534	156.14	-53.26	
8	9	1.956	170.25	-21.42		;  {from: 1.953 170.21 -21.50, 1.953 170.26 -21.38, 1.960 170.29 -21.40}
9		0.614	26.64	+81.49	
9		1.581	289.48	+9.06	
9		0.781	292.29	+20.98	
9		0.836	285.05	-18.50	
9		0.570	275.29	-50.60	
9		0.596	109.25	+47.37	
9		0.327	100.30	+9.45	
9		0.769	338.37	+67.17	
9		0.983	354.16	+41.26	
9		2.409	1.42	+24.97	
9		1.889	9.36	-0.35	
9		1.428	16.69	-2.08	
9		0.917	36.42	-5.86	
9		0.396	52.69	-5.29	
9		0.694	319.06	-23.26	
9		1.024	302.51	+4.15	
9	10	2.598	215.84	+12.13		;  {from: 2.599 215.81 +12.12, 2.594 215.81 +12.12, 2.601 215.90 +12.15}
10		0.930	103.38	+86.42	
10		1.721	110.40	+19.51	
10		0.478	111.45	-38.81	
10	11	1.258	275.09	+31.45		;  {from: 1.258 275.09 +31.45, 1.258 275.09 +31.45, 1.258 275.09 +31.45}
11		3.551	151.35	+3.45	
11		2.716	172.17	+6.46	
11		4.025	183.12	+6.69	
11		2.669	201.29	+6.18	
11		1.294	231.61	+14.38	
11		1.279	245.18	+42.64	
11		1.130	196.61	+60.78	
11		1.529	114.76	+36.93	
11		1.598	83.75	+14.51	
11		2.180	183.52	-16.23	
11		0.654	9.23	+19.14	
11		1.152	49.61	+14.61	
11		2.237	48.44	-4.41	
11		1.807	40.05	-5.90	
11		1.741	37.98	+28.61	
11		1.315	291.54	+41.40	
11		0.614	308.34	+45.19	
11		0.750	1.19	+36.47	
11	12	2.416	205.65	-5.05		;  {from: 2.413 205.62 -5.05, 2.414 205.65 -5.06, 2.419 205.67 -5.03}
12		0.658	33.87	-83.62	
12		1.450	340.05	+0.58	
12		1.863	336.95	+35.49	
12		0.818	343.90	+40.73	
12		0.457	285.27	+69.93	
12		1.315	282.33	+38.89	
12		1.630	289.58	+20.03	
12		1.962	307.15	+22.58	
12		0.651	83.33	-84.84	
12		1.127	345.94	-23.56	
12	13	1.925	237.79	-33.53		;  {from: 1.930 237.71 -33.51, 1.924 237.77 -33.55, 1.920 237.88 -33.52}
13		1.150	138.84	+84.23	
13		1.063	93.69	+47.42	
13		0.607	93.69	+15.92	
13		1.920	260.02	+62.93	
13		0.835	277.46	+16.66	
13		1.652	351.51	+34.87	
13		2.478	13.98	+28.57	
13		2.644	29.91	+26.37	
13	14	2.810	164.77	-0.19		;  {from: 2.819 164.82 -0.22, 2.808 164.74 -0.15, 2.803 164.76 -0.19}
14		0.502	0.87	+66.59	
14		0.529	303.98	+59.41	
14		0.710	283.34	+32.92	
14		1.326	171.34	+88.21	
14		1.707	264.48	+61.12	
14		1.288	259.06	+39.84	
14		0.294	272.22	-55.74	
14		1.533	342.46	-6.73	
14		1.065	13.95	-1.04	
14		1.045	344.25	+21.69	
14		0.968	355.79	+18.52	
14		0.857	324.87	+25.08	
14		1.956	211.55	+19.32	
14		2.282	179.08	+28.21	
14		2.119	198.08	+24.79	
14		1.978	178.13	+43.15	
14		2.573	170.06	+27.89	
14		1.054	236.58	+24.63	
14		1.840	246.17	+42.46	
14	15	1.870	211.27	+19.65		;  {from: 1.869 211.18 +19.73, 1.869 211.31 +19.61, 1.872 211.32 +19.61}
15		0.585	276.31	+83.59	
15		0.660	339.03	-0.16	
15		0.330	342.11	-45.21	
15		0.658	207.53	+8.40	
15		2.140	40.45	+2.11	
15		1.882	25.88	+9.29	
15		1.325	87.38	+5.01	
15		1.604	107.94	+14.54	
15		3.252	231.88	+5.14	
15		1.466	325.32	+10.15	
15		2.497	311.98	+11.67	
15		4.236	292.09	+6.46	
15		4.129	274.00	+3.49	
15		0.429	320.79	-36.89	
15		1.278	277.66	-21.01	
15		1.726	227.86	-5.39	
15		3.580	238.16	+7.11	
15	16	3.119	261.88	+6.86		;  {from: 3.119 261.84 +6.80, 3.118 261.92 +6.92, 3.118 261.89 +6.85}
16		0.838	80.12	+50.13	
16		0.838	80.12	+50.13	
16		1.667	75.44	+6.55	
16		1.368	76.76	+28.15	
16		1.368	76.76	+28.15	
16		0.580	45.87	-88.06	
16		1.388	64.05	-33.85	
16		2.689	76.92	-16.72	
16		1.968	327.19	+2.39	
16		2.414	344.96	+1.79	
16		2.800	358.99	+2.17	
16		2.496	23.10	-0.44	
16		2.865	35.49	-0.77	
16		2.576	55.50	-2.61	
16		3.206	60.33	+0.66	
16		2.561	94.08	-3.63	
16		2.451	109.44	-0.25	
16		2.950	124.63	+0.97	
16		3.805	140.13	-1.98	
16		1.496	168.37	+0.67	
16		3.332	160.61	-0.76	
16		1.226	174.20	+7.12	
16		0.503	191.69	+43.57	
16		1.708	326.77	-6.01	
16	17	3.951	349.66	-0.31		;  {from: 3.952 349.58 -0.30, 3.949 349.66 -0.30, 3.950 349.72 -0.32}
17		0.587	198.22	+81.37	
17		0.513	76.92	+7.80	
17		0.955	248.38	+1.35	
17		0.364	249.42	-31.86	
17		0.962	167.13	+32.52	
17		1.489	161.63	+13.20	
17		1.386	162.49	-16.14	
17		1.373	296.23	+6.08	
17		2.978	319.80	+12.11	
17		2.978	319.80	+12.11	
17		1.271	1.69	+19.89	
17		3.114	355.53	+13.00	
17		1.921	338.92	+27.12	
17		2.616	339.94	+2.27	
17		1.002	144.01	+4.02	
17		1.272	184.51	+2.26	
17		0.784	219.93	+19.10	
17	18	5.706	345.29	+12.85		;  {from: 5.708 345.30 +12.87, 5.704 345.28 +12.85, 5.705 345.29 +12.81}
18		0.938	156.56	+31.59	
18		2.032	130.44	-9.29	
18		2.389	151.28	-11.98	
18		1.573	192.30	-8.46	
18		2.072	166.29	-5.11	
18		1.283	199.51	+16.58	
18		0.747	217.50	+1.14	
18		1.284	205.99	-29.87	
18		1.771	161.95	-30.12	
18		2.293	140.44	-17.59	
18		1.164	101.71	-3.37	
18		1.306	66.30	+6.35	
18		1.338	50.64	+20.38	
18		0.924	35.63	+45.88	
18		2.579	34.22	+11.52	
18		0.827	48.68	-30.22	
18		1.450	22.78	-12.33	
18		2.760	11.84	-5.75	
18		2.805	3.57	+10.16	
18		1.927	353.64	+14.41	
18		1.312	346.30	+17.56	
18		0.366	341.81	+25.78	
18		0.662	48.01	+64.99	
18		1.484	24.48	+36.58	
18		2.404	20.72	+26.46	
18		0.940	78.19	-36.12	
18	19	2.769	11.22	-5.19		;  {from: 2.773 11.24 -5.25, 2.769 11.25 -5.13, 2.765 11.16 -5.19}
19		1.179	304.82	+82.92	
19		1.572	87.77	+74.00	
19		1.886	96.47	+41.61	
19		0.535	275.84	+9.68	
19		1.241	122.18	+35.27	
19		0.754	115.81	+26.08	
19		0.493	118.02	+7.51	
19		0.252	119.38	-34.40	
19		2.177	202.60	+11.04	
19		1.377	239.52	+36.13	
19		1.431	253.22	+22.55	
19		1.923	155.70	+20.52	
19		1.363	187.99	-2.69	
19		1.766	97.04	+25.83	
19		2.640	90.09	+12.81	
19		2.787	74.55	+12.54	
19		2.950	52.19	+9.57	
19		2.544	33.90	+11.12	
19		3.507	17.01	+6.65	
19		4.991	5.03	+2.68	
19		1.697	29.44	+65.67	
19		2.515	27.97	+34.71	
19		2.612	25.91	+14.30	
19	20	6.123	3.35	-8.53		;  {from: 6.121 3.37 -8.54, 6.124 3.33 -8.50, 6.123 3.34 -8.56}
20		4.168	211.45	+5.04	
20		0.227	48.43	+25.37	
20		3.914	210.40	-15.65	
20		2.157	205.95	-44.71	
20		0.231	199.23	+50.37	

PLAN
STATIONS
0.0	-0.0	1
2.4645028	3.5870628	2
1.6969922	5.3867445	3
2.1000495	6.8186626	4
3.8223867	8.981112	5
3.1552763	9.888197	6
6.436575	12.811978	7
5.4785557	15.7110815	8
5.7867312	17.505402	9
4.2992244	19.564747	10
3.229935	19.469473	11
2.1884084	21.638771	12
0.8306395	22.494257	13
1.5688329	25.20596	14
0.654482	26.711578	15
-2.4109058	27.148987	16
-3.120338	23.26253	17
-4.5329924	17.881622	18
-3.9964128	15.176274	19
-3.642901	9.131325	20
SHOTS
0.0	-0.0	2.4645028	3.5870628
2.4645028	3.5870628	0.7657198	3.6700697
2.4645028	3.5870628	0.90138197	3.7184792
2.4645028	3.5870628	2.493738	3.4771593
2.4645028	3.5870628	2.7023923	3.4871547
2.4645028	3.5870628	1.7525988	3.685569
2.4645028	3.5870628	1.8715703	3.8472989
2.4645028	3.5870628	1.6969922	5.3867445
1.6969922	5.3867445	1.799039	5.319956
1.6969922	5.3867445	2.6216779	5.0204997
1.6969922	5.3867445	2.4074438	5.096476
1.6969922	5.3867445	1.922062	5.3400764
1.6969922	5.3867445	2.1000495	6.8186626
2.1000495	6.8186626	3.125156	6.635929
2.1000495	6.8186626	2.9530802	6.8426867
2.1000495	6.8186626	2.4098375	6.890753
2.1000495	6.8186626	2.0647569	6.84103
2.1000495	6.8186626	2.5397375	6.700546
2.1000495	6.8186626	3.8223867	8.981112
3.8223867	8.981112	2.5587993	9.102438
3.8223867	8.981112	2.9615407	8.978462
3.8223867	8.981112	3.572865	8.828869
3.8223867	8.981112	3.9674609	8.939951
3.8223867	8.981112	3.1679583	9.02957
3.8223867	8.981112	2.4143023	6.692888
3.8223867	8.981112	2.1076355	7.7710686
3.8223867	8.981112	2.6013422	7.138439
3.8223867	8.981112	3.0796375	9.275545
3.8223867	8.981112	3.1232312	10.20805
3.8223867	8.981112	3.4175944	11.081621
3.8223867	8.981112	3.6641717	10.431182
3.8223867	8.981112	4.2250743	10.613596
3.8223867	8.981112	3.9088686	9.340961
3.8223867	8.981112	4.068079	9.390392
3.8223867	8.981112	3.1142285	9.8561735
3.8223867	8.981112	3.1552763	9.888197
3.1552763	9.888197	4.1080422	9.851244
3.1552763	9.888197	4.476124	10.687281
3.1552763	9.888197	4.2364893	10.787629
3.1552763	9.888197	4.0080214	10.371119
3.1552763	9.888197	6.8567505	11.936087
3.1552763	9.888197	4.6696944	11.705859
3.1552763	9.888197	7.176514	11.212606
3.1552763	9.888197	6.436575	12.811978
6.436575	12.811978	5.20887	9.176692
6.436575	12.811978	5.644314	9.403138
6.436575	12.811978	5.644314	9.403138
6.436575	12.811978	3.4621987	12.224854
6.436575	12.811978	4.162033	13.242541
6.436575	12.811978	5.2609234	10.569231
6.436575	12.811978	5.7304525	11.650648
6.436575	12.811978	5.7651997	11.612137
6.436575	12.811978	6.005249	12.539985
6.436575	12.811978	5.850737	12.005855
6.436575	12.811978	6.7790184	11.994134
6.436575	12.811978	6.841198	12.84241
6.436575	12.811978	6.893474	13.554076
6.436575	12.811978	5.539784	13.496509
6.436575	12.811978	5.329876	12.502557
6.436575	12.811978	6.3483024	15.105647
6.436575	12.811978	6.1187754	14.572229
6.436575	12.811978	5.667318	13.882364
6.436575	12.811978	6.392647	13.629651
6.436575	12.811978	5.4785557	15.7110815
5.4785557	15.7110815	6.14951	12.848269
5.4785557	15.7110815	5.915703	13.855871
5.4785557	15.7110815	5.599073	15.073081
5.4785557	15.7110815	5.632121	15.654577
5.4785557	15.7110815	6.2347994	15.7262335
5.4785557	15.7110815	6.1736383	15.393444
5.4785557	15.7110815	5.3513503	15.679293
5.4785557	15.7110815	5.474363	16.070108
5.4785557	15.7110815	6.2162733	16.154228
5.4785557	15.7110815	6.1784244	16.30321
5.4785557	15.7110815	5.8498106	16.550556
5.4785557	15.7110815	5.7867312	17.505402
5.7867312	17.505402	5.827499	17.424122
5.7867312	17.505402	4.3144593	16.98458
5.7867312	17.505402	5.1116505	17.228624
5.7867312	17.505402	5.020778	17.299461
5.7867312	17.505402	5.426249	17.472017
5.7867312	17.505402	6.168083	17.63857
5.7867312	17.505402	6.104487	17.563145
5.7867312	17.505402	5.676704	17.227861
5.7867312	17.505402	5.711559	16.77002
5.7867312	17.505402	5.8409433	15.321827
5.7867312	17.505402	6.093973	15.641186
5.7867312	17.505402	6.1966543	16.138065
5.7867312	17.505402	6.3284836	16.77099
5.7867312	17.505402	6.1006765	17.266165
5.7867312	17.505402	5.368736	17.023474
5.7867312	17.505402	4.9251637	16.95622
5.7867312	17.505402	4.2992244	19.564747
4.2992244	19.564747	4.355777	19.578194
4.2992244	19.564747	5.8200555	20.130194
4.2992244	19.564747	4.6461716	19.701094
4.2992244	19.564747	3.229935	19.469473
3.229935	19.469473	4.9293957	22.580507
3.229935	19.469473	3.5976543	22.14348
3.229935	19.469473	3.0119882	23.461525
3.229935	19.469473	2.2664163	21.94229
3.229935	19.469473	2.247182	20.248098
3.229935	19.469473	2.3757796	19.864557
3.229935	19.469473	3.0721369	19.998308
3.229935	19.469473	4.340114	19.98141
3.229935	19.469473	4.768168	19.300877
3.229935	19.469473	3.1015816	21.559
3.229935	19.469473	3.3290894	18.859234
3.229935	19.469473	4.079303	18.746874
3.229935	19.469473	4.899187	17.989622
3.229935	19.469473	4.386781	18.093307
3.229935	19.469473	4.170776	18.264526
3.229935	19.469473	2.3121312	19.107124
3.229935	19.469473	2.8903317	19.200878
3.229935	19.469473	3.2424476	18.86612
3.229935	19.469473	2.1884084	21.638771
2.1884084	21.638771	2.2292068	21.577984
2.1884084	21.638771	1.6936444	20.275448
2.1884084	21.638771	1.5944314	20.242762
2.1884084	21.638771	2.0164492	21.042906
2.1884084	21.638771	2.0369744	21.597418
2.1884084	21.638771	1.1881278	21.42008
2.1884084	21.638771	0.74516845	21.125546
2.1884084	21.638771	0.7440504	20.54459
2.1884084	21.638771	2.2466118	21.631968
2.1884084	21.638771	1.9372711	20.636343
2.1884084	21.638771	0.8306395	22.494257
0.8306395	22.494257	0.90670824	22.581263
0.8306395	22.494257	1.5486033	22.540543
0.8306395	22.494257	1.413531	22.531853
0.8306395	22.494257	-0.029994786	22.645676
0.8306395	22.494257	0.037102282	22.390318
0.8306395	22.494257	0.6304173	21.153332
0.8306395	22.494257	1.3562901	20.382164
0.8306395	22.494257	2.0118198	20.440567
0.8306395	22.494257	1.5688329	25.20596
1.5688329	25.20596	1.5718573	25.006388
1.5688329	25.20596	1.3453935	25.055387
1.5688329	25.20596	0.9885642	25.068356
1.5688329	25.20596	1.5750806	25.246964
1.5688329	25.20596	0.748077	25.285254
1.5688329	25.20596	0.59755516	25.393774
1.5688329	25.20596	1.4032238	25.199537
1.5688329	25.20596	1.1099331	23.753902
1.5688329	25.20596	1.825605	24.172146
1.5688329	25.20596	1.3051937	24.271017
1.5688329	25.20596	1.5014353	24.290192
1.5688329	25.20596	1.1219497	24.570898
1.5688329	25.20596	0.6029287	26.779366
1.5688329	25.20596	1.6011624	27.216972
1.5688329	25.20596	0.971592	27.034939
1.5688329	25.20596	1.6158984	26.648678
1.5688329	25.20596	1.9612746	27.446419
1.5688329	25.20596	0.7688091	25.73379
1.5688329	25.20596	0.32691264	25.75448
1.5688329	25.20596	0.654482	26.711578
0.654482	26.711578	0.58956885	26.7044
0.654482	26.711578	0.41808873	26.09494
0.654482	26.711578	0.58295983	26.49005
0.654482	26.711578	0.35338902	27.289148
0.654482	26.711578	2.0420797	25.08379
0.654482	26.711578	1.4652209	25.040134
0.654482	26.711578	1.9734458	26.651228
0.654482	26.711578	2.1319523	27.18997
0.654482	26.711578	-1.893787	28.71146
0.654482	26.711578	-0.16685337	25.524574
0.654482	26.711578	-1.1637509	25.075771
0.654482	26.711578	-3.246152	25.128796
0.654482	26.711578	-3.457221	26.424295
0.654482	26.711578	0.43735158	26.445477
0.654482	26.711578	-0.5282519	26.552471
0.654482	26.711578	-0.6199678	27.86482
0.654482	26.711578	-2.363832	28.585722
0.654482	26.711578	-2.4109058	27.148987
-2.4109058	27.148987	-1.881392	27.056772
-2.4109058	27.148987	-1.881392	27.056772
-2.4109058	27.148987	-0.8075861	26.732517
-2.4109058	27.148987	-1.2363797	26.872688
-2.4109058	27.148987	-1.2363797	26.872688
-2.4109058	27.148987	-2.3968143	27.135319
-2.4109058	27.148987	-1.3741258	26.644447
-2.4109058	27.148987	0.097961664	26.56615
-2.4109058	27.148987	-3.4766912	25.496128
-2.4109058	27.148987	-3.0372856	24.818472
-2.4109058	27.148987	-2.4603837	24.35104
-2.4109058	27.148987	-1.4315846	24.852776
-2.4109058	27.148987	-0.7474282	24.8162
-2.4109058	27.148987	-0.28986502	25.691153
-2.4109058	27.148987	0.37495208	25.56196
-2.4109058	27.148987	0.13889718	27.330711
-2.4109058	27.148987	-0.0993011	27.964909
-2.4109058	27.148987	0.016578674	28.825201
-2.4109058	27.148987	0.027282238	30.067726
-2.4109058	27.148987	-2.1091895	28.61455
-2.4109058	27.148987	-1.3046585	30.292099
-2.4109058	27.148987	-2.2878277	28.359676
-2.4109058	27.148987	-2.4848082	27.506132
-2.4109058	27.148987	-3.341959	25.727781
-2.4109058	27.148987	-3.120338	23.26253
-3.120338	23.26253	-3.1478841	23.34623
-3.120338	23.26253	-2.624894	23.147402
-3.120338	23.26253	-4.0082726	23.614458
-3.120338	23.26253	-3.41009	23.371347
-3.120338	23.26253	-2.9396405	24.053644
-3.120338	23.26253	-2.6632817	24.638649
-3.120338	23.26253	-2.7197385	24.532578
-3.120338	23.26253	-4.345402	22.658985
-3.120338	23.26253	-4.9999256	21.038166
-3.120338	23.26253	-4.9999256	21.038166
-3.120338	23.26253	-3.0850203	22.067526
-3.120338	23.26253	-3.3570576	20.23721
-3.120338	23.26253	-3.735405	21.666838
-3.120338	23.26253	-4.016882	20.806725
-3.120338	23.26253	-2.5327594	24.071615
-3.120338	23.26253	-3.2203233	24.530005
-3.120338	23.26253	-3.59607	23.830921
-3.120338	23.26253	-4.5329924	17.881622
-4.5329924	17.881622	-4.2150064	18.614962
-4.5329924	17.881622	-3.0063486	19.18255
-4.5329924	17.881622	-3.4096289	19.931372
-4.5329924	17.881622	-4.8645144	19.402185
-4.5329924	17.881622	-4.0436773	19.886936
-4.5329924	17.881622	-4.9438467	19.041044
-4.5329924	17.881622	-4.9879365	18.47442
-4.5329924	17.881622	-5.021081	18.882772
-4.5329924	17.881622	-4.058151	19.338343
-4.5329924	17.881622	-3.1407232	19.56714
-4.5329924	17.881622	-3.3947973	18.117533
-4.5329924	17.881622	-3.344105	17.359758
-4.5329924	17.881622	-3.5629277	17.086006
-4.5329924	17.881622	-4.158125	17.3586
-4.5329924	17.881622	-3.1114728	15.791867
-4.5329924	17.881622	-3.9960685	17.409534
-4.5329924	17.881622	-3.9844801	16.575176
-4.5329924	17.881622	-3.969304	15.193602
-4.5329924	17.881622	-4.361209	15.125575
-4.5329924	17.881622	-4.7397265	16.026316
-4.5329924	17.881622	-4.8294044	16.666004
-4.5329924	17.881622	-4.6359706	17.568161
-4.5329924	17.881622	-4.324833	17.694244
-4.5329924	17.881622	-4.0391607	16.79677
-4.5329924	17.881622	-3.7712932	15.868286
-4.5329924	17.881622	-3.7894454	17.72614
-4.5329924	17.881622	-3.9964128	15.176274
-3.9964128	15.176274	-4.1156764	15.093336
-3.9964128	15.176274	-3.5633802	15.159435
-3.9964128	15.176274	-2.5948741	15.33525
-3.9964128	15.176274	-4.5214434	15.122554
-3.9964128	15.176274	-3.1386755	15.716094
-3.9964128	15.176274	-3.3864417	15.471296
-3.9964128	15.176274	-3.5645802	15.4060755
-3.9964128	15.176274	-3.8149345	15.278432
-3.9964128	15.176274	-4.8178616	17.14923
-3.9964128	15.176274	-4.9552007	15.740623
-3.9964128	15.176274	-5.2621155	15.557959
-3.9964128	15.176274	-3.2551455	16.818102
-3.9964128	15.176274	-4.185707	16.524952
-3.9964128	15.176274	-2.4185297	15.371243
-3.9964128	15.176274	-1.4217286	15.1803055
-3.9964128	15.176274	-1.3738322	14.451254
-3.9964128	15.176274	-1.697973	13.392559
-3.9964128	15.176274	-2.6040087	13.103954
-3.9964128	15.176274	-2.9771147	11.844927
-3.9964128	15.176274	-3.5588822	10.209578
-3.9964128	15.176274	-3.652723	14.56723
-3.9964128	15.176274	-3.0267172	13.3498955
-3.9964128	15.176274	-2.8901172	12.899391
-3.9964128	15.176274	-3.642901	9.131325
-3.642901	9.131325	-5.809383	12.673616
-3.642901	9.131325	-3.4891849	8.994974
-3.642901	9.131325	-5.550301	12.382422
-3.642901	9.131325	-4.3138585	10.510006
-3.642901	9.131325	-3.6915205	9.270689
POLYLINE BLACK
0.6403513	0.044750214
0.6403513	0.044750214
POLYLINE BLACK
1.2313362	-3.7440886
1.2313362	-3.7440886
POLYLINE RED
-2.7969527	-5.7568545
-2.5769901	-5.5672317
-2.4935563	-5.559646
-2.0612164	-5.2941747
-1.2268763	-4.8542495
-0.7262721	-4.505344
-0.51389456	-4.4446645
-0.17257357	-4.2853813
0.52523804	-3.898551
1.0865216	-3.7620225
1.3823328	-3.6254945
1.7464089	-3.5117207
2.5428243	-3.473796
2.7400322	-3.3903618
2.9448247	-3.2462487
3.2406359	-2.9807768
3.8853536	-2.5180974
4.567995	-1.8733797
4.704524	-1.714097
4.97758	-1.1983228
5.1747885	-0.6294546
5.2278824	0.21247053
5.265807	0.3793385
5.303732	0.42484784
POLYLINE BLACK
0.67244244	-3.6414127
0.79975605	-3.6984844
0.84365726	-3.7950673
0.92267966	-4.049695
1.0895045	-4.3131022
1.1509662	-4.5282183
1.1465762	-4.721384
1.111455	-4.804796
1.0324328	-4.9233303
0.98414135	-5.1428366
0.9753611	-5.5994096
1.0236526	-5.726723
1.0675538	-5.796965
1.2036476	-5.9594
1.2914503	-6.0954943
1.348522	-6.407193
1.348522	-6.6749907
1.3792529	-6.7979145
1.4451046	-6.9340076
1.5197368	-7.034981
1.7085123	-7.4520435
1.769974	-7.5530157
1.7875347	-7.5705767
1.8094852	-7.5705767
POLYLINE BLACK
2.6436095	-3.3516645
2.66995	-3.4877584
2.66995	-3.997013
2.6172686	-4.291152
2.6128786	-4.4228554
2.4504437	-4.8706484
2.4416635	-5.0418634
2.5075154	-5.1252756
2.5426364	-5.2086883
2.568977	-5.3184414
2.7489724	-5.6564813
2.867506	-6.0208616
2.9421382	-6.187687
2.981649	-6.4028025
2.9772592	-6.9383984
3.324079	-7.359851
POLYLINE BLACK
1.6313212	-7.4763837
1.7691946	-7.5453205
1.7655663	-7.538064
1.7800794	-7.538064
2.0122871	-7.7412457
2.2662644	-8.205662
2.3025467	-8.252829
2.3751116	-8.292739
2.4440484	-8.383446
2.4585614	-8.459639
2.4730744	-8.9784775
2.4912155	-9.011131
2.5637803	-9.043786
2.603691	-9.080069
2.766962	-9.294135
2.825014	-9.4066105
2.850412	-9.504573
2.8721812	-9.707755
2.9483745	-9.968988
2.9737723	-10.197568
3.017311	-10.331814
3.0463371	-10.389865
3.1660693	-10.542252
3.2422624	-10.712779
3.3873923	-10.923218
3.4780984	-11.006666
3.652254	-11.111886
3.706678	-11.173567
3.7864993	-11.376748
3.815525	-11.416658
POLYLINE BLACK
3.2247815	-7.3114448
3.3287392	-7.398076
3.4197018	-7.5106964
3.4586859	-7.580002
3.4933383	-7.6276484
3.514996	-7.6796274
3.5626433	-7.761927
3.5713065	-7.787916
3.5929642	-7.8182373
3.605959	-7.85289
3.7229111	-7.9871683
3.7618952	-8.065136
3.792216	-8.173426
3.792216	-8.195084
3.8268685	-8.351019
3.8355317	-8.398666
3.844195	-8.563266
3.900505	-8.814497
3.9264944	-8.87947
3.9394891	-8.896796
3.9438207	-8.927116
3.9568155	-8.9574375
3.9568155	-8.974764
3.9957995	-9.013748
4.0044622	-9.044069
4.0651045	-9.122037
4.0954256	-9.187011
POLYLINE BLACK
4.063213	-8.969348
4.2196608	-9.064334
4.3090596	-9.131384
4.376109	-9.164907
4.521382	-9.215195
5.2365727	-9.209607
5.4041953	-9.254307
5.5997553	-9.338118
5.750616	-9.382817
5.7953153	-9.410755
5.800903	-9.405168
5.8232527	-9.421929
5.867952	-9.4331045
5.884714	-9.444279
5.884714	-9.455454
5.8903017	-9.449867
5.8903017	-9.461041
5.907064	-9.461041
5.9126515	-9.488978
5.9629383	-9.533678
6.063512	-9.656601
6.4099326	-9.969498
6.493744	-10.075659
6.521681	-10.098008
6.644604	-10.282393
6.689304	-10.360618
6.840164	-10.79085
6.940738	-10.986409
7.0468993	-11.33283
7.1139483	-11.472515
7.1977596	-11.612202
POLYLINE BLACK
6.5381136	-10.567741
6.7347107	-10.66943
6.795724	-10.737223
6.8702955	-10.84569
6.904192	-10.872807
7.0058794	-11.00839
7.0465555	-11.096521
7.107568	-11.198209
7.121126	-11.27278
7.121126	-11.449039
7.0872307	-11.482937
7.012659	-11.604962
6.951646	-11.754105
6.8702955	-11.896469
6.775386	-12.113403
6.775386	-12.14052
6.7550488	-12.160858
6.7211523	-12.228651
6.7211523	-12.255768
6.707594	-12.262547
6.6940355	-12.330339
6.6940355	-12.40491
6.687257	-12.41169
6.6736984	-12.560832
6.6736984	-12.906572
6.727932	-13.021819
6.816062	-13.150624
6.8974123	-13.340443
POLYLINE BLACK
6.8081636	-13.299955
6.8354006	-13.4588375
6.653822	-13.826534
6.5857296	-14.021732
6.4631634	-14.280482
6.426848	-14.39397
6.3769135	-14.961404
6.3769135	-15.179298
6.32244	-15.424431
6.2725058	-15.574234
6.2498083	-15.85568
6.2134924	-15.996405
6.2134924	-16.2143
6.227111	-16.232458
POLYLINE BLACK
7.0872307	-11.476157
6.904192	-11.313456
6.863516	-11.367689
6.788945	-11.584625
6.775386	-11.71343
6.775386	-12.32356
6.7550488	-12.567612
6.748269	-12.58117
6.748269	-12.709975
6.7414904	-12.723534
6.7414904	-13.130287
6.7550488	-13.191299
6.8499575	-13.482806
6.8499575	-13.516703
6.863516	-13.53704
6.8974123	-13.665845
POLYLINE BLACK
5.584247	-16.784866
5.4965916	-16.766272
5.422217	-16.814085
5.3398743	-16.875177
5.273468	-16.909708
5.175188	-16.938927
5.098157	-16.949553
4.922846	-16.949553
4.6705046	-16.909708
4.537693	-16.909708
4.4872246	-16.920334
4.444725	-16.922989
4.375663	-16.920334
POLYLINE BLACK
6.1659613	-16.144714
6.1659613	-16.412994
6.2137733	-16.575024
6.277523	-16.85924
6.277523	-17.045176
6.189867	-17.172676
6.1606483	-17.23908
6.1447115	-17.324081
6.142055	-17.425016
6.1287737	-17.531265
POLYLINE BLACK
6.163305	-16.16331
6.1686172	-16.245651
6.15268	-16.269558
6.083618	-16.33862
POLYLINE BLACK
6.049087	-17.132832
6.0889306	-17.17002
6.1340866	-17.23908
6.15268	-17.297518
6.1659613	-17.419704
6.2323666	-17.600328
6.2403355	-17.640171
POLYLINE BLACK
6.13143	-16.088934
6.096899	-16.16331
6.070337	-16.306746
6.0729933	-16.322681
POLYLINE BLACK
6.2137733	-16.758305
6.2137733	-16.766272
6.2270546	-16.798147
6.2270546	-16.851273
POLYLINE BLACK
5.491279	-16.745022
5.541747	-16.840647
5.536435	-16.848616
5.536435	-16.88049
5.50456	-16.907053
5.491279	-16.912365
5.4886227	-16.917677
5.477998	-16.920334
5.459404	-16.933615
5.446123	-16.938927
5.4275293	-16.954865
5.4169044	-16.960176
5.408936	-16.970802
5.3956547	-16.981426
5.3797174	-16.989395
5.374405	-16.989395
5.366436	-16.994709
5.3425303	-17.000021
5.191125	-17.000021
5.167219	-16.994709
5.140657	-16.981426
5.1247196	-16.978771
5.10347	-16.968145
5.076907	-16.962833
5.0662823	-16.957521
5.013158	-16.94424
4.9998765	-16.94424
4.9626894	-16.936272
4.7767534	-16.936272
POLYLINE BLACK
4.220139	-13.330852
4.3763714	-13.349018
4.659769	-13.487083
4.9250007	-13.599716
5.212032	-13.621516
5.3936973	-13.657849
5.45183	-13.690549
5.48453	-13.737782
5.5026965	-13.864947
5.5281296	-13.970313
5.5353966	-14.166512
5.411864	-14.537109
5.3718977	-14.722408
5.3428307	-15.016706
5.2701645	-15.35097
5.2192984	-15.543535
5.1756988	-15.7906
5.1284657	-15.928666
POLYLINE BLACK
3.459771	-10.947297
3.5044703	-11.126095
3.4932954	-11.226669
3.4541836	-11.338417
3.4541836	-11.377529
3.4094841	-11.578676
3.4150715	-11.947447
3.4821208	-12.143007
3.5324075	-12.237993
3.5882819	-12.316217
3.7112052	-12.422379
3.750317	-12.48384
3.8061914	-12.539715
3.878828	-12.645876
3.9235275	-12.690575
4.102325	-12.942009
4.376109	-13.416941
POLYLINE BLACK
5.209387	-15.055585
5.2161655	-15.340312
5.229724	-15.469117
5.256841	-15.53013
5.3720875	-15.692832
5.3992047	-15.713169
5.43988	-15.780962
5.43988	-15.801299
5.466997	-15.828416
5.473776	-15.848754
5.5076723	-15.889429
5.5483475	-16.004677
5.5754642	-16.160599
5.5890226	-16.201273
5.5958023	-16.336857
5.6161394	-16.438545
5.6296983	-16.472443
5.622919	-16.492779
POLYLINE BLACK
5.2182307	-15.127903
5.220613	-15.204141
POLYLINE BLACK
5.2283125	-15.608156
5.305343	-15.640032
5.2973742	-15.666594
5.292062	-15.714406
5.292062	-15.88706
POLYLINE BLACK
5.3876863	-16.227058
5.4062796	-16.298777
5.4142485	-16.320026
5.464717	-16.37315
5.5072165	-16.431587
5.5098724	-16.490025
5.541747	-16.559086
5.5550284	-16.6069
5.560341	-16.612211
5.560341	-16.622835
5.586903	-16.681273
5.586903	-16.79549
5.573622	-16.843304
5.560341	-16.85924
POLYLINE BLACK
5.7249727	-17.47719
5.7249727	-17.47719
POLYLINE BLACK
6.1234255	-17.349754
6.1782193	-17.582628
6.198767	-18.699059
6.130275	-18.986729
6.116576	-19.383986
6.0960283	-19.43193
6.089179	-19.54152
5.9453444	-19.938776
5.8700027	-20.445621
5.7946606	-20.746988
5.6028814	-21.171642
5.417951	-21.808624
5.328911	-22.02095
5.2535686	-22.123692
5.2193227	-22.13739
4.890558	-22.452456
4.678231	-22.740124
4.506999	-22.890808
4.438506	-22.918205
3.8152232	-23.041492
3.47276	-23.157928
3.1234477	-23.315464
POLYLINE BLACK
5.178227	-16.856606
4.945352	-16.801811
4.554944	-16.801811
4.4727526	-16.822361
4.4042597	-16.870304
4.349466	-16.966194
4.3015213	-17.185371
4.2124805	-17.459341
4.1919327	-17.507286
4.1371384	-17.582628
4.0480986	-17.65797
4.007003	-17.678518
3.9316607	-17.75386
3.9042637	-17.801805
3.8426204	-17.86345
3.7946756	-17.94564
3.7398813	-18.007282
3.7193336	-18.02098
3.520705	-18.02098
3.4864585	-18.089474
3.4522123	-18.301802
3.417966	-18.383991
3.3768704	-18.41824
3.239885	-18.479881
3.1508446	-18.548374
3.0686536	-18.630566
3.0412564	-18.637415
3.0207086	-18.657963
2.8015323	-18.7744
2.7809844	-18.794949
2.6508484	-18.849743
2.6097527	-18.87714
2.486466	-18.918236
2.2604403	-18.938782
1.7672932	-18.938782
POLYLINE BLACK
-1.5717597	-19.292213
-1.5717597	-19.292213
POLYLINE BLACK
0.09116936	-16.671383
0.09116936	-16.671383
POLYLINE BLACK
3.8718128	-21.88224
3.8718128	-21.892399
POLYLINE BLACK
1.7413146	-18.883816
1.8199344	-18.95034
1.8320297	-18.959412
1.8713396	-18.983603
1.8925065	-19.004768
1.9076257	-19.010817
1.9227449	-19.019888
1.9771739	-19.062222
2.0074124	-19.080364
2.064865	-19.125723
2.086032	-19.137817
2.1283658	-19.168056
2.1525564	-19.189224
2.176747	-19.216438
2.1888425	-19.22551
POLYLINE BLACK
1.8259821	-18.920101
1.9106495	-18.956388
1.9257686	-18.96546
1.9741501	-18.98058
2.0074124	-18.986626
2.049746	-18.98965
2.0799842	-18.995697
2.0920796	-18.995697
2.1344135	-19.001745
2.161628	-19.001745
2.179771	-19.004768
2.2100093	-19.004768
2.2221045	-19.007793
2.2342	-19.007793
2.2977006	-19.022913
2.31282	-19.02896
2.3400345	-19.044079
2.364225	-19.06827
2.367249	-19.077341
2.3732965	-19.08339
2.3763204	-19.09246
2.3793442	-19.095484
POLYLINE BLACK
3.219971	-19.863539
3.219971	-19.860516
POLYLINE BLACK
3.125765	-23.5681
2.9418054	-23.456282
POLYLINE BLACK
4.228664	-23.039225
3.9196725	-23.090725
3.7754765	-23.152523
3.5179834	-23.327618
3.3634877	-23.451214
3.147194	-23.55421
2.9103003	-23.626308
POLYLINE BLACK
2.1374362	-20.475079
2.1921654	-20.412888
2.2319684	-20.35567
2.28421	-20.2487
2.3339639	-20.171581
2.3812299	-20.062122
2.3936684	-19.992468
2.3986437	-19.788477
2.41357	-19.65663
2.41357	-19.2984
2.4011316	-19.15909
2.388693	-19.111824
POLYLINE BLACK
2.228462	-20.424154
2.1709945	-20.506908
2.1572022	-20.513803
2.120423	-20.513803
2.0951374	-20.50231
2.0767477	-20.500011
2.021579	-20.474726
1.9962933	-20.456337
1.9664102	-20.41726
1.9066439	-20.36439
1.8284881	-20.323011
1.7848127	-20.288532
1.7756178	-20.288532
1.7457349	-20.274738
1.6859686	-20.258648
1.3457608	-20.258648
1.221631	-20.277039
1.1503713	-20.293129
1.1020986	-20.311518
0.9273973	-20.403467
0.8929168	-20.431051
0.8515402	-20.454039
0.7710856	-20.516102
0.7457999	-20.545986
0.7435012	-20.585064
POLYLINE BLACK
3.0468426	-23.633427
2.865528	-23.56896
2.7365932	-23.556871
2.6076584	-23.528667
POLYLINE BLACK
0.8627403	-20.56496
0.68685365	-20.776024
0.70444226	-20.781887
0.70444226	-21.057442
0.56959593	-21.403353
0.55787015	-21.415077
0.48165262	-21.655457
0.45233822	-21.70236
0.3643949	-21.778578
0.32335472	-21.825481
0.28231454	-21.954464
0.16505682	-22.13035
0.12987947	-22.200705
0.08297646	-22.259335
0.01262176	-22.423494
0.01262176	-22.652147
0.07125068	-22.998058
0.07125068	-23.050823
0.094702125	-23.162218
0.11815369	-23.209122
0.13574243	-23.220848
POLYLINE BLACK
1.9991052	-24.775051
1.9764163	-25.22127
1.9764163	-25.417908
1.9915421	-25.485975
POLYLINE BLACK
3.0125506	-23.481773
2.7932227	-23.391018
2.3545673	-23.09606
2.271374	-23.02043
2.1579287	-22.763287
2.0898616	-22.672531
2.0369203	-22.627151
1.7495253	-22.460766
1.6965845	-22.438076
1.63608	-22.44564
1.6285172	-22.589336
1.5755761	-22.846481
1.583139	-23.201942
1.6285172	-23.360765
1.7117102	-23.822111
1.7570884	-23.973372
1.825156	-24.132195
1.8705337	-24.29858
1.923475	-24.578413
1.9839795	-24.72211
2.0898616	-24.873371
2.2562482	-25.047321
POLYLINE BLACK
1.9386013	-24.616228
1.9612901	-24.858246
1.9612901	-25.017069
1.9688532	-25.07001
1.9688532	-25.122952
1.9839795	-25.213707
1.9839795	-25.259085
2.0142314	-25.417908
2.0444834	-25.478413
2.0596097	-25.531353
2.0974247	-25.599422
2.1352398	-25.644798
2.1579287	-25.690178
2.1579287	-25.705303
2.173055	-25.743118
2.1881807	-25.77337
2.203307	-25.788498
2.271374	-25.924631
2.3167522	-26.02295
2.3167522	-26.053204
2.3318784	-26.068329
2.3318784	-26.385975
POLYLINE BLACK
1.9856054	-27.413734
1.9856054	-27.413734
POLYLINE BLACK
2.1503656	-25.780933
2.1579287	-25.841438
2.2259958	-26.075891
2.2184331	-26.454042
2.173055	-26.5448
2.0747354	-26.87001
1.9915421	-27.02127
1.9839795	-27.051521
1.893223	-27.195219
1.6436431	-27.467487
1.5982649	-27.543118
1.5301979	-27.626312
POLYLINE BLACK
-0.04291129	-23.09606
0.35036612	-22.884296
0.3049879	-23.012867
0.327677	-23.09606
0.4789374	-23.47421
0.5772567	-23.663288
0.5923829	-23.716228
0.8268366	-23.99606
0.8646517	-24.056564
0.8646517	-24.07169
0.8722148	-24.07169
0.8949039	-24.132195
0.9100299	-24.381775
0.9100299	-24.578413
0.9251559	-24.676731
0.9251559	-24.964127
0.8949039	-24.986816
0.7663324	-25.024632
0.3049879	-25.213707
-0.15635657	-25.349842
-0.28492785	-25.37253
-0.42106235	-25.417908
-0.48912954	-25.455723
POLYLINE BLACK
-0.3290925	-25.552736
-0.4260645	-25.423439
-0.4260645	-25.439602
-0.50687456	-25.40189
POLYLINE BLACK
-0.057370186	-30.150513
-0.12394905	-30.194899
-0.2793002	-30.250381
-0.36807203	-30.305862
-0.64548445	-30.427925
-1.2557912	-30.427925
-1.344563	-30.394634
-1.4222383	-30.31696
-1.5332031	-30.150513
-1.5997825	-30.09503
-1.5997825	-30.06174
-1.8550014	-29.695557
-1.9326768	-29.52911
-1.9881592	-29.318275
-1.9992557	-28.796741
-2.032545	-28.696873
-2.1546068	-28.486038
-2.298861	-28.330688
-2.3765364	-28.219723
-2.4542117	-27.975601
-2.4653082	-27.742575
-2.509694	-27.553934
-2.8314924	-26.899242
-2.8980715	-26.544153
-2.9757469	-26.410995
-3.3419309	-26.044811
-3.3974135	-25.944942
-3.3974135	-25.523277
-3.3086414	-25.35683
-3.275352	-25.334637
-3.1310976	-25.145996
-3.0534222	-25.123802
POLYLINE BLACK
-0.14558268	-30.350819
-0.07076478	-30.20586
0.013405085	-30.088957
0.078870535	-29.943996
0.1162796	-29.83177
0.120955706	-28.536488
0.08354664	-28.35412
0.050813913	-28.10161
0.022757292	-27.71817
0.036785603	-27.694788
0.06016612	-27.685436
0.2612388	-27.517097
0.4623115	-27.372137
0.565186	-27.316025
POLYLINE BLACK
1.93691	-27.359627
1.7745923	-27.37045
1.6663805	-27.37045
1.6176852	-27.359627
1.4553672	-27.27847
1.4012614	-27.235184
1.3850297	-27.235184
1.2822284	-27.164846
1.233533	-27.121561
1.1902481	-27.10533
1.0928575	-27.040403
POLYLINE BLACK
1.332068	-27.105598
1.1824322	-27.058838
1.1637278	-27.058838
1.1403475	-27.054161
1.0889101	-27.035458
1.0561776	-27.026104
1.0421491	-27.016752
0.99538803	-27.002724
0.9860358	-26.993372
0.9205704	-26.965315
0.8551049	-26.965315
0.8551049	-26.969992
0.8504286	-26.974667
0.8504286	-26.98402
0.8457527	-26.988697
0.8457527	-27.0074
0.8410764	-27.016752
0.8410764	-27.128979
0.83172417	-27.157036
0.83172417	-27.17574
0.81301975	-27.23653
0.7989912	-27.25991
0.789639	-27.269262
0.7802868	-27.28329
0.7709346	-27.301994
0.7569065	-27.311348
0.7475543	-27.3207
0.72417355	-27.334728
0.7101455	-27.339405
0.700793	-27.348757
0.6867647	-27.353432
0.6633842	-27.36746
0.654032	-27.376812
0.6400037	-27.386166
POLYLINE BLACK
1.0935864	-27.096247
0.9392748	-27.03078
0.91121817	-27.03078
0.89251375	-27.040134
0.8784852	-27.049486
0.86445713	-27.06819
0.8270483	-27.105598
0.80366755	-27.124304
0.7802868	-27.147684
0.73352575	-27.185093
0.6867647	-27.231853
0.6633842	-27.25991
0.6493559	-27.29732
POLYLINE BLACK
-3.060312	-25.412025
-3.0531855	-24.571085
-3.2028444	-24.250387
-3.3026168	-24.122108
-3.3453765	-24.036589
-3.5092888	-23.808537
-3.594808	-23.594738
-3.6446943	-23.345306
-3.7159605	-23.081623
-3.8086066	-22.846443
-3.894126	-22.696785
-4.0580378	-22.511494
-4.172064	-22.34758
-4.4143686	-21.919983
-4.4713817	-21.513767
-4.485635	-21.214449
POLYLINE BLACK
-0.078383446	-25.535263
-0.22235131	-25.530764
-0.2538445	-25.503769
-0.28533745	-25.45428
-0.36631942	-25.377796
-0.41580844	-25.350803
-0.47429538	-25.341805
-0.55527735	-25.305813
-0.6542554	-25.238329
-0.67225146	-25.215834
-0.9017005	-25.08986
-1.0411696	-25.062866
-1.4055886	-25.040373
-1.7610097	-25.035873
POLYLINE BLACK
-2.8947577	-25.00438
-3.056722	-25.026875
-3.1512008	-25.067366
-3.223185	-25.130352
-3.254678	-25.206835
POLYLINE BLACK
-2.3191442	-25.077074
-2.3832836	-24.870403
-2.3832836	-24.763504
-2.4402966	-24.528324
-2.4402966	-24.271767
-2.468803	-24.057968
-2.468803	-23.794283
-2.4901829	-23.580484
-2.6042085	-23.160015
-2.6398416	-22.91771
-2.711108	-22.561378
-2.7609942	-22.39034
-2.7681208	-22.311947
-2.8465135	-22.112402
-3.0674386	-21.898603
-3.1387048	-21.798832
-3.430896	-21.456755
-3.5876815	-21.19307
-3.6090612	-21.093296
POLYLINE BLACK
-3.2663078	-21.464321
-3.3121538	-21.170904
-3.3121538	-20.684935
-3.2204614	-20.483212
-3.2021232	-20.464874
-3.1929536	-20.446535
-3.1837845	-20.437366
-3.1837845	-20.419027
-3.1746154	-20.409859
-3.1654458	-20.39152
-3.1104307	-20.336504
-3.1104307	-20.318165
-3.1012611	-20.308996
-3.0737538	-20.26315
-3.0187383	-20.226473
POLYLINE BLACK
-3.3671694	-21.143396
-3.3763385	-20.776627
-3.3396616	-20.62075
-3.3121538	-20.538227
-3.3121538	-20.51072
-3.3029847	-20.483212
-3.3029847	-20.14395
-3.275477	-20.079765
-3.2204614	-19.997242
POLYLINE BLACK
-1.9642763	-24.957798
-1.9642763	-24.957798
POLYLINE BLACK
-1.7486575	-24.992214
-1.8731718	-24.996365
-2.1097488	-24.996365
POLYLINE BLACK
-1.9271278	-25.037868
-2.1055984	-25.021267
-2.2550154	-25.021267
POLYLINE BLACK
-3.0754411	-16.050102
-3.107264	-15.885683
-3.1019602	-15.853861
-3.0966566	-15.837949
-3.0754411	-15.806126
-3.0648336	-15.800822
-3.054226	-15.784911
-3.0330107	-15.763696
-3.022403	-15.747784
-3.0011878	-15.726569
-2.995884	-15.715961
-2.9799726	-15.705354
-2.969365	-15.689442
-2.9587574	-15.678835
-2.9428458	-15.668227
-2.911023	-15.636404
-2.9004154	-15.620493
-2.8845038	-15.609885
-2.8685925	-15.583366
-2.8579848	-15.572758
-2.8261619	-15.546239
-2.8155544	-15.5409355
-2.8102505	-15.530328
-2.7996428	-15.525024
-2.7625163	-15.487897
-2.7519085	-15.482594
-2.7306933	-15.461378
-2.6988704	-15.440163
-2.6723514	-15.429555
-2.5927942	-15.371213
-2.5768826	-15.36591
-2.566275	-15.355302
-2.5238445	-15.328783
-2.5079331	-15.312871
-2.4973254	-15.312871
-2.4867177	-15.302263
-2.4389834	-15.275744
-2.4230719	-15.270441
POLYLINE BLACK
-3.3488307	-19.997242
-3.2021232	-19.749672
-3.0370765	-19.520441
-2.9728918	-19.364565
-2.890369	-19.006966
-2.890369	-18.520996
-2.9087071	-18.47515
-3.0370765	-18.33761
-3.1746154	-18.236748
-3.2388	-18.154224
-3.275477	-18.044195
-3.2663078	-16.916378
-3.2388	-16.714655
-3.128769	-16.201178
-3.128769	-15.825239
-3.2021232	-15.751885
-3.4588614	-15.57767
-3.6514153	-15.476809
-3.7156	-15.458469
-3.8072925	-15.394285
-3.8256311	-15.366777
-4.0365233	-15.366777
-4.1740623	-15.476809
-4.43997	-15.816071
POLYLINE BLACK
-4.531723	-16.165556
-4.531723	-15.807571
-4.5393395	-15.799955
-4.5621896	-15.78853
-4.5736146	-15.784721
-4.588848	-15.784721
-4.5964646	-15.780913
-4.8135395	-15.780913
-4.817348	-15.777105
-4.851623	-15.773296
-4.8554316	-15.769488
-4.874473	-15.769488
-4.8782816	-15.76568
-4.9011316	-15.76568
-4.908748	-15.761872
-4.9239817	-15.761872
-4.9620647	-15.750447
-4.9811063	-15.750447
-4.988723	-15.746638
-5.034423	-15.746638
-5.04204	-15.74283
-5.057273	-15.74283
-5.0610814	-15.739022
-5.0839314	-15.739022
-5.08774	-15.735213
-5.102973	-15.735213
-5.1067815	-15.731405
-5.114398	-15.731405
-5.114398	-15.727597
-5.13344	-15.723788
-5.182948	-15.700938
-5.205798	-15.689513
-5.2134147	-15.681897
-5.251498	-15.662855
-5.29339	-15.647622
-5.33909	-15.624772
-5.36194	-15.620964
-5.38479	-15.609539
-5.3924065	-15.609539
-5.396215	-15.60573
-5.4152565	-15.601922
POLYLINE BLACK
-3.8348002	-22.216198
-4.0732	-21.93195
-4.1740623	-21.913612
-4.238247	-21.867767
-4.3757854	-21.794413
-4.412462	-21.757736
-4.43997	-21.748566
-4.5408316	-21.638535
-4.55917	-21.638535
-4.5775084	-21.620197
-4.669201	-21.45515
-4.669201	-21.427643
-4.751724	-21.271767
-4.7608933	-21.22592
-4.7792315	-21.198412
-4.8159084	-21.051704
-4.843416	-20.978352
-4.861755	-20.87749
-4.861755	-20.052258
POLYLINE BLACK
-2.5546987	-19.470345
-2.5584009	-19.58511
-2.5584009	-20.047867
-2.565805	-20.073782
-2.569507	-20.121908
-2.573209	-20.129313
-2.573209	-20.170036
-2.5769112	-20.18114
-2.5769112	-20.207056
-2.5917194	-20.325523
-2.5954216	-20.48471
-2.6176338	-20.51803
-2.6176338	-20.540241
POLYLINE BLACK
-5.033775	-19.978865
-4.979172	-19.760452
-4.9586964	-19.712677
-4.9245696	-19.651249
-4.842665	-19.39871
-4.829015	-19.378235
-4.7880626	-19.241728
-4.7880626	-19.19395
-4.781237	-19.173473
-4.781237	-18.87316
-4.808539	-18.804905
-4.8221893	-18.78443
-4.869967	-18.682049
-4.876792	-18.661573
-4.876792	-18.62062
POLYLINE BLACK
-4.672032	-18.88681
-4.869967	-18.770779
-4.869967	-18.49094
-4.842665	-18.40221
-4.747111	-18.245228
-4.699333	-18.101894
-4.6174293	-17.931261
-4.590128	-17.815231
-4.590128	-16.764128
-4.576477	-16.58667
-4.576477	-16.286354
-4.562826	-16.197624
-4.535525	-16.149847
-4.515049	-16.136196
POLYLINE BLACK
-2.645474	-15.534739
-2.292634	-15.45241
-1.6575222	-15.45241
-1.6222382	-15.428886
-1.516386	-15.27599
-1.4575796	-15.052525
-1.1635461	-14.582071
-1.1282625	-14.464457
-1.1282625	-14.029288
-1.5281477	-13.25304
-1.6575222	-13.088382
-2.1397367	-12.62969
-2.2808723	-12.45327
-2.5278606	-12.076908
-2.586667	-11.912249
-2.7866096	-11.524125
-3.0453591	-10.453844
-3.1747336	-9.701119
-3.4099603	-8.91311
-3.645187	-8.277998
-3.7392774	-8.078055
-3.7980838	-8.007488
POLYLINE RED
-3.6423688	-8.075055
-3.3110852	-7.5178957
-3.2809682	-7.3371954
-2.6786342	-6.5089865
-2.4678173	-6.1927605
-2.3624086	-6.072294
-2.2268834	-5.801244
-2.001008	-5.4850183
-1.8654828	-5.3193765
-1.6396074	-5.093501
-1.398674	-4.8977423
-1.3083239	-4.792334
-1.2782073	-4.7321005
-1.2179737	-4.656809
-0.76622295	-4.3104663
-0.7361064	-4.265291
-0.64575624	-4.205058
-0.510231	-4.0544744
-0.41988087	-3.9791827
-0.40482235	-3.9490662
-0.40482235	-3.903891
POLYLINE RED
-7.4676185	-13.417699
-7.091256	-13.205996
-6.7737	-12.935484
-6.397338	-12.417986
-6.362054	-12.335657
-6.1150656	-12.029862
-6.020975	-11.818158
-5.903362	-11.430035
-5.7387033	-11.12424
-5.5622835	-10.877253
-5.550522	-10.818445
-5.209443	-10.442083
-4.9624557	-10.0304365
-4.5625706	-9.454131
-4.339105	-9.207144
-4.29206	-9.18362
-3.8921747	-8.7014065
-3.3981986	-8.277998
-3.162972	-8.042771
-2.868939	-7.666409
-2.3632016	-6.972491
-1.6222382	-5.796358
-1.4693408	-5.5376086
-1.4693408	-5.4199953
POLYLINE BLACK
-5.5740447	-15.323034
-5.2212048	-15.217182
-5.1506367	-15.181898
-5.0095005	-15.064285
-4.99774	-15.029001
-4.9624557	-15.005478
-4.8566036	-14.864342
-4.8330812	-14.805536
-4.809558	-14.782013
-4.7742743	-14.687923
-4.762513	-14.605593
-4.762513	-13.68821
-4.903649	-13.382415
-4.9624557	-13.288324
-5.0095005	-13.24128
-5.021262	-13.205996
-5.0683074	-13.15895
-5.1035914	-13.100143
-5.26825	-12.947246
-5.432909	-12.735542
-5.550522	-12.6179285
-5.6093283	-12.523838
-5.703419	-12.441509
-5.7151804	-12.417986
-5.7504644	-12.394464
-5.8563166	-12.27685
-5.903362	-12.265089
-5.9268847	-12.241566
-5.950407	-12.241566
-5.97393	-12.218043
-5.9974527	-12.218043
-6.032737	-12.194521
-6.1621113	-12.170998
-6.315008	-12.112192
-6.32677	-12.123953
-6.350292	-12.10043
-6.373815	-12.10043
-6.373815	-12.088669
-6.397338	-12.088669
-6.4561443	-12.053385
-6.4796667	-12.053385
-6.4796667	-12.041624
-6.5384736	-12.029862
-6.5384736	-12.018101
-6.585519	-11.982817
-6.656087	-11.876965
-6.726655	-11.82992
-6.7501774	-11.82992
-6.8325067	-11.794636
-6.8677907	-11.794636
-6.879552	-11.782874
-6.95012	-11.782874
-6.985404	-11.759352
-6.9971657	-11.771112
-7.0677333	-11.771112
-7.1030173	-11.74759
-7.1147785	-11.759352
POLYLINE RED
-1.5077864	-30.193657
-1.3471069	-30.21256
-1.3093	-30.240915
-1.2147827	-30.363789
-1.096636	-30.500837
-1.0446515	-30.571726
-1.0115705	-30.633162
-0.98794127	-30.6946
-0.9737637	-30.751308
-0.9501343	-30.930891
-0.94068265	-30.968699
-0.9170532	-31.233347
-0.8981497	-31.30896
-0.8508911	-31.460188
-0.822536	-31.52635
-0.81781006	-31.559431
-0.7800031	-31.672852
-0.7374704	-31.88079
-0.70438933	-31.989485
POLYLINE RED
0.06592655	-29.924282
0.013942003	-30.094414
-0.15618896	-30.51029
-0.2459805	-30.756035
-0.3972082	-31.33259
-0.41138577	-31.431833
-0.41138577	-31.980034
-0.38775635	-32.159615
-0.3830304	-32.169067
-0.3735788	-32.169067
POLYLINE RED
-0.87924623	-32.334473
-0.7232928	-32.310844
-0.52008057	-32.310844
-0.48227358	-32.320297
-0.46337032	-32.334473
-0.44446683	-32.343925
-0.43028927	-32.3581
-0.41611147	-32.367554
-0.4019339	-32.381733
-0.39248228	-32.39591
-0.38775635	-32.410088
-0.38775635	-32.42899
-0.3830304	-32.44317
-0.3830304	-32.58967
-0.37830472	-32.608574
-0.37830472	-32.627476
-0.3735788	-32.641655
-0.3735788	-32.764526
-0.39248228	-32.783432
-0.4397409	-32.797607
-0.4586444	-32.80706
-0.47282195	-32.816513
-0.4869995	-32.821236
-0.49645138	-32.83069
-0.51062894	-32.84014
-0.54371	-32.859043
-0.5531616	-32.868496
-0.58151674	-32.882675
-0.5862427	-32.887398
-0.6902118	-32.887398
-0.71384096	-32.87795
-0.71384096	-32.873222
-0.7232928	-32.873222
-0.72801876	-32.868496
-0.7421963	-32.86377
POLYLINE RED
-0.6949377	-33.38834
-0.58151674	-33.199306
-0.6335013	-33.17095
-0.70911527	-33.166225
-0.81781006	-33.166225
-0.85561705	-33.204033
-0.8697946	-33.22766
-0.87924623	-33.25129
-0.8886981	-33.28437
-0.89342403	-33.31745
-0.89342403	-33.430874
-0.87452054	-33.449776
-0.8414395	-33.45923
-0.81781006	-33.46868
-0.78945494	-33.473408
-0.6996634	-33.473408
-0.68548584	-33.463955
-0.6713083	-33.430874
-0.6524048	-33.393066
-0.62404966	-33.289097
-0.6145978	-33.260742
-0.60514617	-33.24184
-0.60514617	-33.232388
-0.60042024	-33.222935
-0.59569454	-33.21821
POLYLINE RED
-0.92177916	-32.98664
-0.8414395	-32.849594
-0.8414395	-32.77398
-0.8414395	-32.811787
-0.822536	-32.89685
-0.822536	-32.906303
-0.81781006	-32.92048
-0.8036325	-32.948837
-0.8036325	-32.95356
-0.79418087	-32.963013
-0.784729	-32.963013
-0.784729	-32.68891
-0.78945494	-32.68891
-0.8036325	-32.755074
-0.8130841	-32.835415
-0.8130841	-33.00082
-0.8036325	-33.010273
-0.8036325	-33.015

ELEVATION
STATIONS
0.0	-0.0	1
4.3521023	-1.9485496	2
6.3086114	-2.3422801	3
7.7961745	-2.4918795	4
10.560705	-3.0989466	5
11.686689	-2.9556446	6
16.08162	-3.2119784	7
19.134912	-2.7302206	8
20.955505	-2.015845	9
23.495895	-2.5618336	10
24.569422	-3.2184258	11
26.975796	-3.005979	12
28.580599	-1.9427348	13
31.390984	-1.9334439	14
33.152496	-2.5623107	15
36.248936	-2.934557	16
40.19961	-2.9133408	17
45.762863	-4.1819787	18
48.520912	-3.9314802	19
54.576187	-3.0228748	20
SHOTS
0.0	-0.0	4.3521023	-1.9485496
4.3521023	-1.9485496	3.458533	-2.2671874
4.3521023	-1.9485496	3.5752554	-2.965427
4.3521023	-1.9485496	4.2780733	-3.0269697
4.3521023	-1.9485496	4.4044685	-2.38545
4.3521023	-1.9485496	4.030156	-4.028273
4.3521023	-1.9485496	4.2308273	-1.3865504
4.3521023	-1.9485496	6.3086114	-2.3422801
6.3086114	-2.3422801	6.2071447	-2.822433
6.3086114	-2.3422801	5.608982	-2.5367033
6.3086114	-2.3422801	5.76291	-1.8092641
6.3086114	-2.3422801	6.1773925	-1.8169677
6.3086114	-2.3422801	7.7961745	-2.4918795
7.7961745	-2.4918795	7.8980308	-2.4751766
7.7961745	-2.4918795	8.050429	-3.0062473
7.7961745	-2.4918795	7.9495053	-2.9422975
7.7961745	-2.4918795	7.8081427	-2.7204924
7.7961745	-2.4918795	7.80161	-1.8966289
7.7961745	-2.4918795	10.560705	-3.0989466
10.560705	-3.0989466	9.868378	-3.097233
10.560705	-3.0989466	10.022315	-3.7747042
10.560705	-3.0989466	10.286163	-3.827928
10.560705	-3.0989466	10.618892	-3.4427261
10.560705	-3.0989466	10.190892	-1.8200822
10.560705	-3.0989466	7.8935747	-3.8486674
10.560705	-3.0989466	8.545884	-3.3796728
10.560705	-3.0989466	8.35862	-3.4447322
10.560705	-3.0989466	10.328273	-3.7590659
10.560705	-3.0989466	11.084848	-3.1249871
10.560705	-3.0989466	11.951558	-3.0260527
10.560705	-3.0989466	11.596398	-3.534796
10.560705	-3.0989466	12.088533	-3.5364351
10.560705	-3.0989466	10.896063	-3.113956
10.560705	-3.0989466	11.033919	-3.5567393
10.560705	-3.0989466	10.803998	-2.967139
10.560705	-3.0989466	11.686689	-2.9556446
11.686689	-2.9556446	11.092437	-2.740744
11.686689	-2.9556446	11.547866	-2.5078044
11.686689	-2.9556446	11.770681	-1.9910779
11.686689	-2.9556446	11.570503	-3.622567
11.686689	-2.9556446	11.143449	-3.3259833
11.686689	-2.9556446	12.25374	-3.3041217
11.686689	-2.9556446	10.371167	-3.320322
11.686689	-2.9556446	16.08162	-3.2119784
16.08162	-3.2119784	12.746584	-3.2674007
16.08162	-3.2119784	13.222337	-3.4443254
16.08162	-3.2119784	13.222337	-3.4443254
16.08162	-3.2119784	13.470329	-2.970141
16.08162	-3.2119784	14.669861	-2.9353878
16.08162	-3.2119784	13.711851	-3.4804583
16.08162	-3.2119784	14.781833	-3.9326577
16.08162	-3.2119784	14.782155	-3.9810832
16.08162	-3.2119784	15.57864	-4.0668464
16.08162	-3.2119784	15.107944	-2.7198715
16.08162	-3.2119784	15.79321	-3.9512365
16.08162	-3.2119784	16.403961	-3.736815
16.08162	-3.2119784	16.916435	-3.6567256
16.08162	-3.2119784	15.867458	-3.5041113
16.08162	-3.2119784	15.0495	-3.5226667
16.08162	-3.2119784	17.541605	-2.9971254
16.08162	-3.2119784	17.015375	-3.6051023
16.08162	-3.2119784	16.219372	-3.6936927
16.08162	-3.2119784	16.592789	-3.736424
16.08162	-3.2119784	19.134912	-2.7302206
19.134912	-2.7302206	16.206148	-2.8074188
19.134912	-2.7302206	17.236227	-2.3665624
19.134912	-2.7302206	18.491316	-1.8146813
19.134912	-2.7302206	19.033077	-3.242103
19.134912	-2.7302206	18.912016	-2.727659
19.134912	-2.7302206	18.615223	-2.7136693
19.134912	-2.7302206	19.144642	-2.9317162
19.134912	-2.7302206	19.477125	-2.8496692
19.134912	-2.7302206	19.32421	-2.0589914
19.134912	-2.7302206	19.477543	-2.840841
19.134912	-2.7302206	19.815508	-1.5006534
19.134912	-2.7302206	20.955505	-2.015845
20.955505	-2.015845	20.8823	-2.623479
20.955505	-2.015845	20.192984	-2.264812
20.955505	-2.015845	20.568449	-2.29557
20.955505	-2.015845	20.622883	-1.7503836
20.955505	-2.015845	20.861584	-1.5750569
20.955505	-2.015845	21.151306	-2.4546268
20.955505	-2.015845	21.066202	-2.069583
20.955505	-2.015845	20.663345	-2.7249584
20.955505	-2.015845	20.21801	-2.66441
20.955505	-2.015845	18.812618	-3.0328374
20.955505	-2.015845	19.170198	-2.0042138
20.955505	-2.015845	19.67729	-1.9640545
20.955505	-2.015845	20.323395	-1.9222142
20.955505	-2.015845	20.772863	-1.9792715
20.955505	-2.015845	20.409779	-1.7415876
20.955505	-2.015845	20.26841	-2.0899844
20.955505	-2.015845	23.495895	-2.5618336
23.495895	-2.5618336	23.473682	-3.490416
23.495895	-2.5618336	23.063759	-3.1367784
23.495895	-2.5618336	23.403273	-2.2619944
23.495895	-2.5618336	24.569422	-3.2184258
24.569422	-3.2184258	22.600567	-3.4323013
24.569422	-3.2184258	23.96584	-3.523869
24.569422	-3.2184258	24.43222	-3.6873288
24.569422	-3.2184258	25.309679	-3.5056648
24.569422	-3.2184258	25.479195	-3.5400014
24.569422	-3.2184258	25.385143	-4.0851383
24.569422	-3.2184258	24.679665	-4.2049537
24.569422	-3.2184258	23.41819	-4.1373863
24.569422	-3.2184258	23.052221	-3.618797
24.569422	-3.2184258	24.511826	-2.6088796
24.569422	-3.2184258	24.524817	-3.4329376
24.569422	-3.2184258	23.787535	-3.5090325
24.569422	-3.2184258	23.038092	-3.046392
24.569422	-3.2184258	23.539272	-3.0324943
24.569422	-3.2184258	23.739231	-4.052329
24.569422	-3.2184258	25.515762	-4.0882635
24.569422	-3.2184258	24.931522	-3.654332
24.569422	-3.2184258	24.610506	-3.6644163
24.569422	-3.2184258	26.975796	-3.005979
26.975796	-3.005979	26.90334	-2.351662
26.975796	-3.005979	25.96093	-3.0207412
26.975796	-3.005979	25.974405	-4.087926
26.975796	-3.005979	26.513062	-3.5399766
26.975796	-3.005979	27.00406	-3.435598
26.975796	-3.005979	27.211592	-3.8317454
26.975796	-3.005979	27.137796	-3.5644255
26.975796	-3.005979	26.61456	-3.7593794
26.975796	-3.005979	26.944471	-2.3572202
26.975796	-3.005979	26.180822	-2.5553157
26.975796	-3.005979	28.580599	-1.9427348
28.580599	-1.9427348	28.56262	-3.087315
28.580599	-1.9427348	27.997828	-2.725809
28.580599	-1.9427348	28.107475	-2.1093447
28.580599	-1.9427348	29.389471	-3.6527982
28.580599	-1.9427348	29.196575	-2.1822937
28.580599	-1.9427348	28.035181	-2.8873289
28.580599	-1.9427348	27.009953	-3.1281564
28.580599	-1.9427348	26.486464	-3.117478
28.580599	-1.9427348	31.390984	-1.9334439
31.390984	-1.9334439	31.199215	-2.3944948
31.390984	-1.9334439	31.187008	-2.3891492
31.390984	-1.9334439	31.105795	-2.319477
31.390984	-1.9334439	31.432188	-3.2591953
31.390984	-1.9334439	31.25191	-3.4285314
31.390984	-1.9334439	31.317081	-2.7588649
31.390984	-1.9334439	31.341288	-1.6901257
31.390984	-1.9334439	29.869377	-1.7538345
31.390984	-1.9334439	30.460917	-1.9140558
31.390984	-1.9334439	30.41962	-2.319757
31.390984	-1.9334439	30.489668	-2.2410557
31.390984	-1.9334439	30.660841	-2.2969384
31.390984	-1.9334439	32.655434	-2.5806866
31.390984	-1.9334439	33.339874	-3.0123925
31.390984	-1.9334439	32.998867	-2.8222616
31.390984	-1.9334439	32.795406	-3.2863731
31.390984	-1.9334439	33.655853	-3.1370702
31.390984	-1.9334439	31.690142	-2.3728938
31.390984	-1.9334439	31.594034	-3.1759539
31.390984	-1.9334439	33.152496	-2.5623107
33.152496	-2.5623107	33.180054	-3.1440563
33.152496	-2.5623107	32.748142	-2.5604126
33.152496	-2.5623107	33.000275	-2.3278465
33.152496	-2.5623107	33.802452	-2.6584692
33.152496	-2.5623107	31.040913	-2.640981
33.152496	-2.5623107	31.30303	-2.8662977
33.152496	-2.5623107	32.416275	-2.6779716
33.152496	-2.5623107	32.79448	-2.9652045
33.152496	-2.5623107	36.18459	-2.8536978
33.152496	-2.5623107	32.56426	-2.820689
33.152496	-2.5623107	32.698116	-3.0674555
33.152496	-2.5623107	33.824352	-3.038695
33.152496	-2.5623107	35.041214	-2.8139253
33.152496	-2.5623107	33.037758	-2.3045728
33.152496	-2.5623107	33.630424	-2.1039095
33.152496	-2.5623107	34.79974	-2.4002416
33.152496	-2.5623107	36.321106	-3.0057414
33.152496	-2.5623107	36.248936	-2.934557
36.248936	-2.934557	35.711704	-3.5780056
36.248936	-2.934557	35.711704	-3.5780056
36.248936	-2.934557	34.602863	-3.1246681
36.248936	-2.934557	35.047157	-3.5800538
36.248936	-2.934557	35.047157	-3.5800538
36.248936	-2.934557	36.233055	-2.354489
36.248936	-2.934557	35.15128	-2.1611357
36.248936	-2.934557	33.682896	-2.1607618
36.248936	-2.934557	37.07055	-3.0167549
36.248936	-2.934557	36.53982	-3.0098953
36.248936	-2.934557	35.90267	-3.0407581
36.248936	-2.934557	34.955067	-2.9155788
36.248936	-2.934557	34.272606	-2.8962545
36.248936	-2.934557	33.943226	-2.8173246
36.248936	-2.934557	33.266827	-2.9712217
36.248936	-2.934557	33.750374	-2.7725377
36.248936	-2.934557	34.07577	-2.9237378
36.248936	-2.934557	34.08258	-2.9843864
36.248936	-2.934557	34.247505	-2.803145
36.248936	-2.934557	36.157272	-2.952001
36.248936	-2.934557	35.597786	-2.8904583
36.248936	-2.934557	36.298115	-3.0866709
36.248936	-2.934557	36.372547	-3.2815402
36.248936	-2.934557	36.96989	-2.7558184
36.248936	-2.934557	40.19961	-2.9133408
40.19961	-2.9133408	40.12222	-3.494094
40.19961	-2.9133408	40.2239	-2.9830565
40.19961	-2.9133408	40.01285	-2.935871
40.19961	-2.9133408	40.144592	-2.7210135
40.19961	-2.9133408	39.38891	-3.430738
40.19961	-2.9133408	38.763786	-3.2534938
40.19961	-2.9133408	38.878273	-2.5278487
40.19961	-2.9133408	41.013332	-3.0588753
40.19961	-2.9133408	42.72534	-3.5380177
40.19961	-2.9133408	42.72534	-3.5380177
40.19961	-2.9133408	41.368847	-3.3459797
40.19961	-2.9133408	43.21826	-3.6139793
40.19961	-2.9133408	41.879814	-3.7892637
40.19961	-2.9133408	42.77649	-3.0171878
40.19961	-2.9133408	39.298164	-2.9836154
40.19961	-2.9133408	38.970695	-2.9634655
40.19961	-2.9133408	39.725887	-3.1700366
40.19961	-2.9133408	45.762863	-4.1819787
45.762863	-4.1819787	44.972816	-4.6736026
45.762863	-4.1819787	44.11692	-3.8539658
45.762863	-4.1819787	43.495045	-3.6861825
45.762863	-4.1819787	44.37632	-3.9505334
45.762863	-4.1819787	43.699024	-3.9972494
45.762863	-4.1819787	44.74577	-4.5481153
45.762863	-4.1819787	45.305016	-4.196905
45.762863	-4.1819787	44.918465	-3.5423284
45.762863	-4.1819787	44.233315	-3.292964
45.762863	-4.1819787	43.779057	-3.488945
45.762863	-4.1819787	45.245667	-4.1135254
45.762863	-4.1819787	45.965733	-4.3265
45.762863	-4.1819787	46.28608	-4.648115
45.762863	-4.1819787	46.173553	-4.8456345
45.762863	-4.1819787	47.423164	-4.6972547
45.762863	-4.1819787	46.083138	-3.7655208
45.762863	-4.1819787	46.887207	-3.8721488
45.762863	-4.1819787	48.219646	-3.9052033
45.762863	-4.1819787	48.384956	-4.6769137
45.762863	-4.1819787	47.609856	-4.6615295
45.762863	-4.1819787	47.013905	-4.5779657
45.762863	-4.1819787	46.0922	-4.3413086
45.762863	-4.1819787	45.891243	-4.782256
45.762863	-4.1819787	46.68676	-5.0666656
45.762863	-4.1819787	47.516792	-5.2531614
45.762863	-4.1819787	45.724445	-3.6276186
45.762863	-4.1819787	48.520912	-3.9314802
48.520912	-3.9314802	48.579063	-5.1018996
48.520912	-3.9314802	48.621677	-5.442983
48.520912	-3.9314802	48.637646	-5.184046
48.520912	-3.9314802	48.471462	-4.021536
48.520912	-3.9314802	48.15828	-4.648387
48.520912	-3.9314802	48.350197	-4.263168
48.520912	-3.9314802	48.379517	-3.9959447
48.520912	-3.9314802	48.456013	-3.7888787
48.520912	-3.9314802	46.425842	-4.3483057
48.520912	-3.9314802	47.780815	-4.743556
48.520912	-3.9314802	47.900276	-4.480315
48.520912	-3.9314802	47.05467	-4.6055655
48.520912	-3.9314802	47.161175	-3.8674986
48.520912	-3.9314802	48.636646	-4.7011824
48.520912	-3.9314802	49.017864	-4.5168834
48.520912	-3.9314802	49.742302	-4.5364714
48.520912	-3.9314802	50.71771	-4.421781
48.520912	-3.9314802	50.824528	-4.4220657
48.520912	-3.9314802	51.98691	-4.337698
48.520912	-3.9314802	53.47783	-4.165084
48.520912	-3.9314802	49.185184	-5.4781246
48.520912	-3.9314802	50.50105	-5.3637047
48.520912	-3.9314802	50.96952	-4.5768857
48.520912	-3.9314802	54.576187	-3.0228748
54.576187	-3.0228748	50.913456	-3.3890562
54.576187	-3.0228748	54.72128	-3.120294
54.576187	-3.0228748	51.21928	-1.9670743
54.576187	-3.0228748	53.160686	-1.5051699
54.576187	-3.0228748	54.434223	-3.2010875
POLYLINE RED
4.4638495	0.11086464
4.319753	0.36063194
4.290934	0.5911865
4.2236896	0.81213474
4.175657	1.3885212
3.9931345	1.6671076
3.7913995	2.1474295
3.6665158	2.6085382
3.5992708	3.021615
3.5992708	3.6748524
3.62809	3.8285556
3.7433672	4.260845
3.9354959	4.673922
4.156444	5.288734
4.3005404	5.913152
4.348573	6.278197
4.396605	6.7681246
4.396605	7.4597883
4.3005404	8.180271
4.3005404	9.477139
POLYLINE BLACK
3.5867095	4.05536
3.8130002	4.121916
3.819656	4.11526
3.8795562	4.11526
3.9328012	4.088638
3.9860458	4.0753264
4.052602	4.048704
4.0858803	4.048704
4.0991917	4.0420485
4.1125026	4.0420485
4.1191583	4.0353928
4.132469	4.028737
4.139125	4.028737
4.1457806	4.022082
4.159092	4.022082
4.1657476	4.015426
4.4985275	4.015426
POLYLINE BLACK
4.0259795	1.2999382
4.2988596	1.4929509
4.292204	1.4729838
4.565084	1.4729838
4.5850506	1.4663281
4.63164	1.4663281
4.644951	1.4596725
4.684885	1.4596725
4.698196	1.4530172
4.7181625	1.4530172
4.724818	1.4463615
4.731474	1.4463615
4.7447853	1.4397058
4.751441	1.4330502
4.7580967	1.4330502
4.7647524	1.4263945
4.7780633	1.4263945
POLYLINE BLACK
4.177205	1.5374618
4.3129177	1.5223823
4.3770046	1.5261521
4.557955	1.5035334
4.7351356	1.5073032
4.761524	1.514843
4.870848	1.5977783
4.980172	1.6580954
5.146044	1.7259517
5.21013	1.7410307
5.266677	1.7485704
5.4099293	1.7485704
5.5833406	1.7862687
5.6511965	1.7900381
5.666276	1.7975779
5.6888947	1.793808
5.703974	1.8013477
5.8962336	1.7975779
5.945241	1.8088875
6.3222213	1.8051176
6.461704	1.8239665
6.589877	1.8201966
POLYLINE BLACK
3.7512176	4.0745373
3.8680813	4.0443788
3.9283981	4.0481486
4.045262	4.0066805
4.1357374	4.002911
4.3242273	3.83327
4.3770046	3.7013268
4.3770046	3.1886342
4.4184723	3.1433966
4.5277963	3.07931
4.9273953	2.947367
5.3156843	2.9360576
5.6775856	2.8229635
5.9226227	2.7965748
6.0583353	2.7701864
6.250595	2.758877
7.091261	2.758877
7.1101093	2.7551072
7.113879	2.7437978
POLYLINE BLACK
6.299897	1.8910594
6.4798965	1.8325596
6.4708967	1.8415599
6.5113964	1.8415599
6.551896	1.8280597
6.5653963	1.8325596
6.5878963	1.8235598
6.601396	1.8280597
7.321394	1.8280597
7.3483934	1.8415599
7.460893	1.8775597
7.492393	1.8775597
7.5688925	1.8955593
7.766892	1.9180593
7.9468913	1.9720592
7.9693913	1.9810591
7.9738913	1.9900594
POLYLINE BLACK
6.934395	2.7910564
7.136894	2.926056
7.1323943	2.9170558
7.3393936	2.9170558
7.352894	2.912556
7.7443924	2.912556
7.766892	2.921556
7.7803917	2.921556
7.847892	2.9530559
7.8658915	2.9665558
7.9423914	2.9935555
8.005391	3.0250554
8.041391	3.0520554
8.081891	3.1015553
8.122391	3.128555
8.35639	3.2185547
8.42839	3.2365549
8.50939	3.2725546
8.54089	3.2950547
POLYLINE BLACK
8.240305	3.0981371
8.266946	3.2313406
8.258065	3.2446609
8.164824	3.3512237
8.000539	3.4977474
7.911737	3.6131902
7.8628955	3.7064326
7.809614	3.7419536
7.809614	4.0172405
7.8184943	4.0261207
8.089341	4.0305605
8.45343	3.9461987
8.622155	3.919558
8.861921	3.919558
9.048406	3.9683993
9.421375	3.9772794
9.576779	3.9017975
9.683342	3.8707168
9.883146	3.8573964
10.682367	3.7108727
11.428307	3.6620314
11.770195	3.6620314
11.9167185	3.6487112
POLYLINE BLACK
7.725252	1.7927442
8.524472	1.8016243
8.786439	1.8371453
9.141648	1.8637857
9.416935	1.8637857
9.536818	1.8193846
9.59454	1.8105044
10.260556	1.8105044
10.3982	1.832705
10.669046	1.9081869
10.9931755	1.9525881
11.406105	2.0902314
11.623671	2.139073
11.681393	2.139073
POLYLINE BLACK
7.8347807	4.093299
7.979055	4.075265
8.641814	4.075265
8.894295	4.169945
9.0385685	4.2060137
9.4759	4.2060137
9.683294	4.1338763
9.719362	4.106825
9.796008	3.9264822
9.841094	3.8678708
9.958317	3.7912252
10.639111	3.7776995
11.135054	3.687528
11.383024	3.678511
12.041275	3.687528
POLYLINE BLACK
11.170236	2.030254
11.314796	2.0582333
11.683191	2.0582333
11.706508	2.0628963
12.424646	2.0628963
POLYLINE BLACK
11.5105715	2.0302172
11.810003	2.0863605
11.797527	2.0801225
12.371439	2.0801225
13.656502	2.29222
14.012077	2.3795547
14.754419	2.6103668
15.272186	2.7039394
15.371998	2.7413683
15.740049	2.8162265
15.939671	2.8786077
16.24534	2.9285135
16.25158	2.947228
POLYLINE BLACK
16.018742	2.926517
16.237495	2.6374474
16.292185	2.6061974
16.471876	2.5749464
16.745321	2.5749464
17.096891	2.5124445
17.4719	2.3718166
17.620342	2.2858772
17.870348	2.028058
17.893785	2.028058
18.042227	1.9186802
18.167229	1.8561792
18.5188	1.7468014
18.659428	1.7233629
19.479761	1.7155504
20.011024	1.6374235
20.20634	1.5592966
20.34697	1.4811697
20.448534	1.3874178
POLYLINE BLACK
15.659357	4.09842
15.893738	4.0359187
16.010927	4.0359187
16.182808	4.0124807
16.417187	3.9577918
17.260958	3.8406014
17.862534	3.707786
18.495361	3.5984082
18.917248	3.45778
19.190691	3.309339
19.503199	3.1999612
19.682892	3.0983963
19.878208	2.93433
POLYLINE BLACK
11.672764	3.776904
11.922291	3.814333
12.7457285	3.808095
13.020208	3.7644277
13.201115	3.6770935
13.59412	3.670855
13.743835	3.7145224
14.055744	3.8392859
14.64837	4.001478
15.272186	4.0825744
15.758764	4.207338
15.939671	4.30091
16.07691	4.4256735
POLYLINE BLACK
17.073454	4.0906076
17.495338	3.7624745
17.651592	3.6765351
17.93285	3.5905957
18.214106	3.5280943
18.60474	3.4655929
18.87037	3.4499674
19.206318	3.309339
19.370384	3.25465
20.096964	3.0358949
20.245403	3.012457
20.300093	2.989019
POLYLINE BLACK
19.586166	3.0563014
19.690664	3.0596724
19.7446	3.0057373
19.798534	2.9214635
19.859211	2.8675284
19.92663	2.8338192
19.967083	2.8034806
19.983936	2.7832549
19.983936	2.7664
20.17608	2.7664
20.20979	2.7596583
20.28058	2.7562873
20.735657	2.7529163
20.799706	2.7866259
20.89409	2.8675284
21.17388	3.01585
21.21433	3.0225918
21.217701	3.0327048
21.224443	3.0360756
21.224443	3.0495594
21.251411	3.083269
POLYLINE BLACK
20.179451	1.6135375
20.290693	1.6337633
20.361483	1.6337633
20.45587	1.6843274
20.67498	1.6843274
20.722174	1.6775856
20.836784	1.6438761
21.039042	1.6438761
21.248041	1.7079239
21.349169	1.7989395
21.409845	1.8393908
21.5312	1.886584
21.598618	1.9438901
21.652554	1.9438901
21.689634	1.9506319
21.71323	1.9607449
21.797504	2.0247927
POLYLINE BLACK
20.533401	2.8001096
20.644642	2.7562873
20.691835	2.7495456
20.765995	2.722578
20.816559	2.712465
21.008703	2.712465
21.035671	2.7090943
21.092978	2.6989813
21.10309	2.6787558
21.10309	2.6686428
21.113203	2.6686428
21.116573	2.665272
21.197475	2.665272
21.204218	2.6686428
21.248041	2.7259488
21.271637	2.7596583
21.285122	2.7899969
21.305347	2.8102224
21.31883	2.83719
21.345798	2.8675284
21.349169	2.8776414
21.38625	2.9180927
21.416588	2.9450603
21.436813	2.9753988
21.477264	3.0225918
21.484007	3.0259628
21.500862	3.0495594
21.504232	3.0596724
21.548054	3.1136074
21.585135	3.1473167
21.622215	3.1675425
21.655924	3.1742845
21.669409	3.1810262
21.686264	3.1810262
POLYLINE BLACK
20.881464	2.882033
21.084024	2.848273
21.272116	2.9061475
21.469854	2.9350846
21.96661	2.9350846
22.053421	2.9109702
22.231867	2.9109702
22.554998	3.0363648
22.651457	3.0990622
22.834724	3.0990622
22.849194	3.108708
22.849194	3.137645
22.839548	3.1521137
22.718977	3.2678623
22.593582	3.3353825
22.501947	3.3353825
POLYLINE BLACK
20.780184	2.780753
20.973099	2.7855759
21.233534	2.925439
21.450563	2.997782
21.61454	3.0460105
22.024483	3.1135306
22.16917	3.2292795
22.477833	3.3884342
22.723799	3.5572343
22.776852	3.6151087
22.911892	3.8224921
22.969765	3.894835
23.022818	3.9382408
23.350773	4.0539894
23.688374	4.2613726
23.7993	4.2951326
23.95363	4.3144245
24.604717	4.5218077
24.657768	4.545922
24.662592	4.5603905
POLYLINE BLACK
20.85735	1.5943279
21.084024	1.6907854
21.079203	1.6811395
21.103315	1.6811395
21.16119	1.6956081
21.493969	1.8210025
21.643476	1.8547626
22.116117	1.9319286
22.391022	1.95122
22.588758	1.9849801
23.051754	2.1489573
23.235023	2.2020092
23.355595	2.2647061
23.495459	2.2839975
23.60156	2.3225808
23.842705	2.4383295
23.939161	2.5010266
24.030796	2.5830154
24.281586	2.7132328
24.431095	2.7566385
24.773518	2.814513
24.77834	2.8289816
POLYLINE BLACK
24.378548	2.5839772
24.547544	2.6710367
24.562908	2.6607943
24.685816	2.6607943
24.79336	2.645431
25.044296	2.645431
25.182568	2.6710367
25.382292	2.7273693
25.474472	2.7376118
26.48334	2.7376118
26.498703	2.7478538
26.89303	2.752975
POLYLINE BLACK
24.470728	4.4941654
24.47585	4.340531
24.47585	4.289319
POLYLINE BLACK
23.748646	4.3046827
23.968855	4.243229
24.102005	4.2227445
24.291489	4.2073812
24.844572	4.2073812
24.998207	4.1715326
25.028933	4.1561694
25.110872	4.135685
25.213295	4.094716
25.315718	4.0639887
25.453989	4.043504
25.699804	3.992293
POLYLINE BLACK
25.702301	3.9614666
25.791197	4.053656
25.79449	4.0437784
25.804367	4.0437784
25.863632	4.0767035
25.87351	4.079996
25.893265	4.0898733
25.92619	4.0898733
POLYLINE BLACK
25.936068	4.126091
26.008501	4.0437784
26.011795	4.053656
26.071058	4.053656
POLYLINE BLACK
25.942652	4.168893
26.041426	4.1162133
26.038134	4.119506
26.133615	4.119506
POLYLINE BLACK
26.008501	4.1524305
26.008501	4.1524305
POLYLINE BLACK
25.853754	4.1590157
25.929482	4.0931664
25.92619	4.099751
25.932774	4.0931664
25.95253	4.079996
25.959114	4.073411
25.959114	4.070119
25.962406	4.066826
25.972284	4.0569487
25.975576	4.0569487
25.982162	4.0503635
25.982162	4.0470715
25.988747	4.0404863
25.988747	4.037194
25.99533	4.030609
25.99533	4.027316
26.001917	4.0207314
26.001917	4.017439
26.008501	4.0075617
26.008501	4.0042686
26.015087	3.997684
26.015087	3.9943914
26.01838	3.9943914
26.01838	3.991099
26.021671	3.991099
26.024963	3.9878066
26.028257	3.9878066
26.034842	3.9812217
26.034842	3.977929
POLYLINE BLACK
25.91302	4.208403
25.978868	4.129383
26.01838	4.0898733
26.028257	4.073411
26.067766	3.971344
26.094107	3.9384193
26.113861	3.9219568
26.13691	3.908787
26.173126	3.895617
26.186296	3.8923244
26.189589	3.895617
26.202759	3.8890321
26.209343	3.8923244
26.24556	3.8890321
26.281778	3.8791547
26.344336	3.849522
26.37726	3.826475
26.416769	3.8100123
26.439817	3.79355
26.466156	3.7836726
26.515545	3.7737951
26.551762	3.7737951
26.558346	3.7705026
26.637365	3.7639177
26.686752	3.7507477
26.96003	3.7507477
26.969906	3.7573326
27.025879	3.7737951
27.032463	3.78038
27.06539	3.79355
27.071974	3.7902575
27.091728	3.7902575
27.101606	3.7968426
27.101606	3.79355
27.12136	3.79355
POLYLINE BLACK
27.098314	3.8363523
27.190504	3.7968426
27.253061	3.7968426
27.259645	3.800135
27.282692	3.80672
27.295862	3.8100123
27.302448	3.8100123
POLYLINE BLACK
24.55322	2.917751
24.55322	2.917751
POLYLINE BLACK
24.63224	2.8387315
24.63224	2.8387315
POLYLINE BLACK
24.592731	2.7564194
24.694798	2.7300794
24.92198	2.7300794
24.984537	2.713617
25.086603	2.6708148
25.26769	2.6345975
25.419144	2.5786252
25.461946	2.5753329
25.488287	2.5654554
25.58706	2.5654554
25.629864	2.555578
25.988745	2.5193605
26.087519	2.4996057
26.133614	2.5028982
26.146784	2.496313
26.186293	2.496313
26.429937	2.414001
26.571514	2.394246
26.917225	2.394246
26.92381	2.3843687
POLYLINE BLACK
26.89088	2.3876617
26.99624	2.3975391
27.114769	2.3975391
27.21025	2.374492
27.457188	2.2921798
27.549377	2.2691324
27.618519	2.2395
27.651443	2.232915
27.743633	2.1966977
27.75022	2.1901128
27.89838	2.144018
28.128855	2.0518284
28.204582	2.0156112
28.270432	1.9991486
28.425179	1.9365914
28.487736	1.9168365
28.547	1.8872042
28.61285	1.8674493
POLYLINE BLACK
27.40122	3.7902615
27.437437	3.698072
27.437437	3.6618547
27.424267	3.6618547
27.420975	3.6552696
27.417683	3.6552696
27.417683	3.5729575
27.430853	3.5499103
27.430853	3.5367403
27.44073	3.5268629
27.44073	3.5202777
27.447315	3.5136929
27.447315	3.507108
27.4539	3.5005229
27.457191	3.487353
27.470362	3.4774756
27.470362	3.4708905
27.476946	3.4675982
27.476946	3.461013
27.483532	3.4577208
27.486824	3.4544282
27.486824	3.4478433
27.496702	3.4412582
27.496702	3.4313807
27.503286	3.4280882
27.513165	3.4149184
27.513165	3.405041
27.526335	3.391871
27.526335	3.3819935
27.536211	3.372116
27.549381	3.3523612
27.582306	3.2963889
27.592184	3.289804
27.605354	3.270049
27.605354	3.2634642
27.625109	3.2502942
27.667912	3.2107844
27.68108	3.1976144
27.68108	3.1910295
27.723883	3.1449347
27.737053	3.1383498
27.740345	3.1317647
27.756807	3.1218872
27.760101	3.1120098
27.779856	3.09884
27.806194	3.0757926
27.819365	3.0692077
27.832535	3.0560377
27.835827	3.0494528
27.842413	3.0461602
27.862167	3.0264053
27.898384	2.996773
27.90497	2.996773
27.924725	2.983603
27.931309	2.983603
27.937895	2.9803104
27.937895	2.977018
27.944479	2.977018
27.951065	2.970433
27.95765	2.970433
27.95765	2.9671407
27.967527	2.9671407
27.987282	2.9572632
27.99716	2.9572632
28.003744	2.9539707
28.003744	2.950678
28.007036	2.950678
POLYLINE BLACK
28.016914	2.950678
28.109104	2.894706
28.105812	2.901291
28.171661	2.901291
28.23751	2.9309232
28.270435	2.950678
28.323114	2.9934804
28.36921	3.0099428
28.375795	3.016528
28.431767	3.0329902
28.494324	3.0692077
28.520664	3.079085
28.540419	3.0955474
28.589806	3.1251798
28.596392	3.1350572
28.62273	3.1449347
28.701752	3.200907
28.721506	3.2206619
28.734676	3.2239542
28.80711	3.2930965
28.82028	3.2996814
28.836742	3.3194363
28.849913	3.3260212
28.99149	3.4445508
29.01783	3.4577208
29.11002	3.5268629
29.225256	3.58942
29.284521	3.6124673
29.333908	3.6519773
POLYLINE BLACK
28.599684	1.8345261
28.695166	1.8707433
28.698458	1.8674512
28.747845	1.906961
28.761015	1.9234233
28.777477	1.9333005
28.840034	1.9925652
28.882837	2.0221977
28.932224	2.0617075
28.945395	2.0682926
28.958565	2.07817
28.971735	2.0814624
28.994781	2.0946324
29.08368	2.1341422
29.090263	2.140727
29.100142	2.1440196
29.11002	2.1506045
29.129774	2.1571896
29.136358	2.1637745
29.146236	2.167067
29.172577	2.1835294
29.208794	2.199992
29.208794	2.2032843
29.215378	2.2065768
29.225256	2.2065768
POLYLINE BLACK
28.597424	1.9528174
28.712234	1.9676318
28.890003	1.9231892
29.256657	1.8898568
29.623308	1.8194895
29.908482	1.741715
POLYLINE BLACK
30.852888	2.4565008
30.923256	2.4602044
POLYLINE BLACK
29.238138	3.8082979
29.356651	3.782373
29.464054	3.782373
29.504795	3.7453375
29.55294	3.6786735
29.601086	3.5453455
POLYLINE BLACK
29.460352	2.5009434
29.478868	2.4750185
POLYLINE BLACK
29.382576	3.9934754
29.378874	3.8342228
29.38628	3.8045943
29.43813	3.749041
29.534422	3.6601558
29.556644	3.6194167
29.589975	3.5379384
POLYLINE BLACK
30.252913	2.3565047
30.326982	2.3342834
30.456608	2.263916
30.519567	2.2416947
30.56401	2.2342875
30.786224	2.2342875
30.986216	2.4305758
31.008436	2.4639077
31.026955	2.5268683
31.038065	2.6490855
31.038065	2.8972237
31.045473	2.9416664
31.082508	3.026848
31.104729	3.1194367
31.119543	3.267579
POLYLINE BLACK
29.232136	3.6559114
29.3164	3.6803756
29.40882	3.6776571
29.444157	3.6396022
29.487648	3.5335917
29.498522	3.4601998
29.495804	3.2590516
29.474056	3.21556
29.389791	3.101395
29.349018	3.0062573
29.327272	2.927429
29.321836	2.5387237
29.381638	2.4354312
29.522985	2.296802
29.59094	2.2533107
29.72957	2.209819
29.841017	2.1880734
30.072065	2.1880734
30.153612	2.209819
30.213413	2.2505925
30.433588	2.3647575
30.73803	2.3674757
30.778801	2.4028127
30.849476	2.5088232
30.922867	2.6012425
30.95005	2.655607
31.001696	2.8458824
31.015287	2.965484
31.050625	3.1122677
31.064215	3.2291512
31.11858	3.33788
31.153915	3.4955366
31.183817	3.5607738
POLYLINE BLACK
31.00402	3.265544
31.00402	3.4690516
31.01796	3.4885662
31.048624	3.5108683
31.10438	3.527595
31.257708	3.5248072
31.369219	3.491354
31.385946	3.4746273
31.402672	3.4383862
31.461216	3.3659039
31.514183	3.3185117
31.592241	3.2794828
31.804111	3.2794828
31.965803	3.301785
32.0578	3.3352382
32.110767	3.3659039
32.227856	3.4049327
32.464817	3.4049327
32.52336	3.4244473
32.662746	3.4495373
32.830013	3.4467494
POLYLINE BLACK
31.182505	1.6565332
31.256575	1.7083826
31.301018	1.7343078
POLYLINE BLACK
28.612238	1.856525
28.730751	1.8676357
28.945557	1.8676357
29.14555	1.8268967
29.730711	1.741715
30.73067	1.741715
31.05288	1.7046795
31.338053	1.7046795
POLYLINE BLACK
31.41383	1.7099619
31.542068	1.7657175
31.536493	1.7601421
31.558796	1.7601421
31.617338	1.7880197
31.687033	1.8075342
31.748363	1.8326242
31.823633	1.8688653
32.035503	1.9998908
32.096836	2.0305564
32.27804	2.1058266
32.489914	2.1783087
32.53173	2.1838844
32.7213	2.2340643
32.79657	2.2619421
32.885777	2.3093343
32.93596	2.3288488
32.952682	2.3288488
32.95826	2.3344243
32.98056	2.337212
33.00844	2.351151
33.05862	2.36509
POLYLINE BLACK
32.973587	2.2985077
33.039692	2.3155673
33.107933	2.2963753
33.13139	2.2921104
33.161243	2.2793157
33.20389	2.2473292
33.21029	2.2451968
33.21242	2.2387996
33.223083	2.2260048
33.240143	2.2110777
33.244408	2.2046804
33.259335	2.1940184
33.2636	2.1940184
33.312645	2.1684291
33.348896	2.153502
33.400074	2.1257803
33.417137	2.1215153
33.425667	2.1215153
33.449123	2.115118
33.459785	2.115118
33.46405	2.1129856
33.521626	2.1129856
POLYLINE BLACK
33.483242	2.100191
33.55361	2.085264
33.60479	2.085264
33.645306	2.0916612
33.768986	2.1321776
34.05047	2.202548
34.11444	2.2281373
34.244522	2.2921104
34.344746	2.3219645
34.496147	2.343289
34.60064	2.3475537
34.788292	2.3475537
POLYLINE BLACK
32.626606	3.490764
32.68068	3.460724
32.71673	3.414663
32.768795	3.368602
32.814857	3.3485756
32.876938	3.334557
32.977074	3.2724748
33.03515	3.2504454
33.12126	3.206387
33.15731	3.196374
33.387615	3.196374
33.447697	3.17835
33.515785	3.1743445
33.57787	3.1643314
33.63995	3.138297
33.659977	3.1242783
33.682007	3.1002464
33.720055	3.0762148
33.79816	3.0381641
33.81218	3.0361614
33.86825	3.0041192
POLYLINE BLACK
13.692725	-9.855873
15.195585	-8.987553
15.596348	-8.78717
16.76524	-8.252819
17.967527	-7.8520584
18.334894	-7.7518654
18.735657	-7.685074
19.704166	-7.584881
21.440804	-7.584881
POLYLINE BROWN
34.864758	2.4614244
35.032063	2.2781854
35.183434	2.2064834
35.98809	2.2064834
36.035892	2.2144504
36.2988	2.3578548
36.426273	2.3897223
36.89632	2.3897223
37.41417	2.4773583
38.051525	2.5490608
38.768547	2.5490608
39.397934	2.4614244
40.091053	2.4614244
40.760277	2.5570273
POLYLINE BROWN
33.781258	3.0430093
34.139767	3.2103148
34.147736	3.1943808
34.482346	3.1943808
34.76119	3.2660828
35.0958	3.6962962
35.239204	3.7918992
35.73315	3.7839327
36.12353	3.6484947
36.681213	3.5289912
37.04769	3.3616858
37.20703	3.3298182
39.358097	3.3298182
39.509468	3.4174542
39.71661	3.4971237
40.067154	3.5210242
40.210556	3.5688257
40.353962	3.6484947
40.4655	3.7839327
POLYLINE BROWN
39.976517	2.4517097
40.234886	2.6865911
40.250546	2.663103
40.461937	2.7257376
40.751625	2.764885
41.628513	2.764885
42.137424	2.8431787
42.54455	2.8666668
42.787262	2.9527893
43.233536	3.203329
43.617172	3.328599
44.063446	3.328599
44.26701	3.2659645
44.595844	3.2659645
44.713284	3.2894526
45.02646	3.4460392
45.441418	3.5869684
46.075596	3.6339445
46.427917	3.6887498
47.046436	3.6887498
47.195194	3.6652622
47.26566	3.6261148
POLYLINE BLACK
40.023495	3.5869684
40.33667	3.6887498
40.767284	3.6574326
41.56588	3.6574326
42.41145	3.8140197
42.732456	3.9236312
43.820736	4.009754
44.188717	4.1663413
44.478405	4.409052
44.948166	4.706568
45.16739	4.816179
45.37878	4.863155
45.738934	4.902302
46.686287	5.2702823
47.148216	5.2702823
47.328293	5.3250875
POLYLINE BLACK
47.102913	5.3149996
47.54534	5.2818174
48.009888	5.292878
48.916866	5.4809103
49.104897	5.536213
49.32611	5.64682
49.63581	5.680002
50.11142	5.680002
50.222027	5.5915165
50.399	5.337121
50.797184	5.104846
51.140064	5.0495434
51.604614	4.916815
52.434166	4.795147
52.810226	4.68454
53.197353	4.6181765
53.47387	4.4965086
54.049026	4.087263
54.12645	4.087263
54.391907	3.9877167
54.812214	3.8881702
55.53116	3.8107452
55.630703	3.777564
POLYLINE BLACK
46.77109	3.4568033
47.136093	3.666957
47.147156	3.6337748
47.2467	3.6337748
47.755493	3.700139
49.33717	3.6890783
49.901268	3.6116533
50.210964	3.5231676
50.47642	3.3572578
50.60915	3.1471043
50.653393	2.8927088
50.642334	2.029975
50.74188	1.8861856
50.86355	1.4216366
50.985214	1.3220901
51.162186	1.2778473
51.582493	1.0455732
51.847946	0.9570875
52.82129	0.9570875
53.16417	1.0455732
53.94948	1.134059
54.137512	1.2004232
54.679485	1.2004232
54.823273	1.2336044
55.166153	1.4326973
55.24358	1.4326973
POLYLINE RED
55.25343	3.8700438
55.290367	4.3502264
55.2288	4.658036
54.920994	9.250555
54.920994	8.794996
55.142616	7.834631
55.339615	6.431019
55.450424	3.1805496
55.758236	-0.106856346
55.905983	-2.1876488
56.04142	-3.160328
56.250732	-3.7882595
56.250732	-4.2191925
POLYLINE RED
50.44567	2.42874
50.260002	2.3928037
50.170162	2.3928037
50.020428	2.3628569
49.619137	2.2430692
49.47539	2.1771855
49.29571	2.075366
49.157955	1.9735465
49.11004	1.9136529
49.026188	1.7399607
48.936348	1.2488308
48.89442	0.8954568
48.89442	0.66786003
48.90041	0.6439028
48.954315	0.5840087
49.145977	0.41630602
49.247795	0.35641193
49.319668	0.33245468
49.51133	0.30849695
50.164173	0.30849695
50.67327	0.3624015
51.098515	0.45224237
51.14643	0.47021055
51.511784	0.69181776
51.76933	0.8056159
51.913074	0.85952044
52.212543	0.9493613
52.338318	0.9553509
